Source,Target
恶心,浮肿
恶心,汗出
恶心,自汗
恶心,鼻衄
恶心,头痛
恶心,恶寒
恶心,发热
恶心,皮肤瘙痒
恶心,鼻鸣
浮肿,汗出
浮肿,自汗
浮肿,鼻衄
浮肿,头痛
浮肿,恶寒
浮肿,发热
浮肿,皮肤瘙痒
浮肿,鼻鸣
汗出,自汗
汗出,鼻衄
汗出,头痛
汗出,恶寒
汗出,发热
汗出,皮肤瘙痒
汗出,鼻鸣
自汗,鼻衄
自汗,头痛
自汗,恶寒
自汗,发热
自汗,皮肤瘙痒
自汗,鼻鸣
鼻衄,头痛
鼻衄,恶寒
鼻衄,发热
鼻衄,皮肤瘙痒
鼻衄,鼻鸣
头痛,恶寒
头痛,发热
头痛,皮肤瘙痒
头痛,鼻鸣
恶寒,发热
恶寒,皮肤瘙痒
恶寒,鼻鸣
发热,皮肤瘙痒
发热,鼻鸣
皮肤瘙痒,鼻鸣
烦渴,昏迷
烦渴,恶寒
烦渴,尿黄
烦渴,语声洪亮
烦渴,气喘
烦渴,尿短
烦渴,发热
烦渴,便秘
烦渴,意识障碍
烦渴,饮冷
昏迷,恶寒
昏迷,尿黄
昏迷,语声洪亮
昏迷,气喘
昏迷,尿短
昏迷,发热
昏迷,便秘
昏迷,意识障碍
昏迷,饮冷
恶寒,尿黄
恶寒,语声洪亮
恶寒,气喘
恶寒,尿短
恶寒,便秘
恶寒,意识障碍
恶寒,饮冷
尿黄,语声洪亮
尿黄,气喘
尿黄,尿短
尿黄,发热
尿黄,便秘
尿黄,意识障碍
尿黄,饮冷
语声洪亮,气喘
语声洪亮,尿短
语声洪亮,发热
语声洪亮,便秘
语声洪亮,意识障碍
语声洪亮,饮冷
气喘,尿短
气喘,发热
气喘,便秘
气喘,意识障碍
气喘,饮冷
尿短,发热
尿短,便秘
尿短,意识障碍
尿短,饮冷
发热,便秘
发热,意识障碍
发热,饮冷
便秘,意识障碍
便秘,饮冷
意识障碍,饮冷
瘫痪,肢体麻木
瘫痪,半身不遂
瘫痪,无汗
瘫痪,头痛
瘫痪,恶寒
瘫痪,肢体痛
瘫痪,感觉异常
肢体麻木,半身不遂
肢体麻木,无汗
肢体麻木,头痛
肢体麻木,恶寒
肢体麻木,肢体痛
肢体麻木,感觉异常
半身不遂,无汗
半身不遂,头痛
半身不遂,恶寒
半身不遂,肢体痛
半身不遂,感觉异常
无汗,头痛
无汗,恶寒
无汗,肢体痛
无汗,感觉异常
头痛,肢体痛
头痛,感觉异常
恶寒,肢体痛
恶寒,感觉异常
肢体痛,感觉异常
口疮,欲饮
口疮,口渴
口疮,尿黄
口疮,便秘
口疮,腹胀
口疮,月经过多
口疮,口臭
欲饮,口渴
欲饮,尿黄
欲饮,便秘
欲饮,腹胀
欲饮,月经过多
欲饮,口臭
口渴,尿黄
口渴,便秘
口渴,腹胀
口渴,月经过多
口渴,口臭
尿黄,腹胀
尿黄,月经过多
尿黄,口臭
便秘,腹胀
便秘,月经过多
便秘,口臭
腹胀,月经过多
腹胀,口臭
月经过多,口臭
口疮,咽干
口疮,不寐
口疮,尿少
口疮,发热
口疮,月经过少
咽干,不寐
咽干,尿少
咽干,口渴
咽干,尿黄
咽干,发热
咽干,月经过少
不寐,尿少
不寐,口渴
不寐,尿黄
不寐,发热
不寐,月经过少
尿少,口渴
尿少,尿黄
尿少,发热
尿少,月经过少
口渴,发热
口渴,月经过少
尿黄,月经过少
发热,月经过少
月经错后,皮肤瘙痒
月经错后,皮肤干燥
月经错后,面色不荣
皮肤瘙痒,皮肤干燥
皮肤瘙痒,面色不荣
皮肤干燥,面色不荣
月经先期,喜冷
月经先期,口渴
月经先期,尿黄
月经先期,便秘
月经先期,皮肤瘙痒
喜冷,口渴
喜冷,尿黄
喜冷,便秘
喜冷,皮肤瘙痒
口渴,皮肤瘙痒
尿黄,皮肤瘙痒
便秘,皮肤瘙痒
皮肤瘙痒,腹痛
皮肤瘙痒,经行不畅
腹痛,经行不畅
皮疹,月经错后
皮疹,面色不荣
皮疹,月经过少
皮疹,皮肤瘙痒
皮疹,皮肤干燥
月经错后,月经过少
面色不荣,月经过少
月经过少,皮肤瘙痒
月经过少,皮肤干燥
月经先期,皮疹
月经先期,喜饮
月经先期,皮肤瘢痕
皮疹,喜饮
皮疹,口渴
皮疹,尿黄
皮疹,皮肤瘢痕
皮疹,便秘
喜饮,口渴
喜饮,尿黄
喜饮,皮肤瘢痕
喜饮,便秘
喜饮,皮肤瘙痒
口渴,皮肤瘢痕
尿黄,皮肤瘢痕
皮肤瘢痕,便秘
皮肤瘢痕,皮肤瘙痒
腹痛,目赤
腹痛,胁痛
腹痛,月经色暗
腹痛,烦躁
腹痛,乳房胀
腹痛,尿黄
腹痛,便秘
腹痛,月经过多
腹痛,情绪不稳
腹痛,胸胁胀
腹痛,胸闷
腹痛,月经稠
腹痛,乳房痛
腹痛,头晕
腹痛,月经过少
腹痛,腹胀
腹痛,口苦
目赤,胁痛
目赤,月经色暗
目赤,烦躁
目赤,经行不畅
目赤,乳房胀
目赤,尿黄
目赤,便秘
目赤,月经过多
目赤,情绪不稳
目赤,胸胁胀
目赤,胸闷
目赤,月经稠
目赤,乳房痛
目赤,头晕
目赤,月经过少
目赤,腹胀
目赤,口苦
胁痛,月经色暗
胁痛,烦躁
胁痛,经行不畅
胁痛,乳房胀
胁痛,尿黄
胁痛,便秘
胁痛,月经过多
胁痛,情绪不稳
胁痛,胸胁胀
胁痛,胸闷
胁痛,月经稠
胁痛,乳房痛
胁痛,头晕
胁痛,月经过少
胁痛,腹胀
胁痛,口苦
月经色暗,烦躁
月经色暗,经行不畅
月经色暗,乳房胀
月经色暗,尿黄
月经色暗,便秘
月经色暗,月经过多
月经色暗,情绪不稳
月经色暗,胸胁胀
月经色暗,胸闷
月经色暗,月经稠
月经色暗,乳房痛
月经色暗,头晕
月经色暗,月经过少
月经色暗,腹胀
月经色暗,口苦
烦躁,经行不畅
烦躁,乳房胀
烦躁,尿黄
烦躁,便秘
烦躁,月经过多
烦躁,情绪不稳
烦躁,胸胁胀
烦躁,胸闷
烦躁,月经稠
烦躁,乳房痛
烦躁,头晕
烦躁,月经过少
烦躁,腹胀
烦躁,口苦
经行不畅,乳房胀
经行不畅,尿黄
经行不畅,便秘
经行不畅,月经过多
经行不畅,情绪不稳
经行不畅,胸胁胀
经行不畅,胸闷
经行不畅,月经稠
经行不畅,乳房痛
经行不畅,头晕
经行不畅,月经过少
经行不畅,腹胀
经行不畅,口苦
乳房胀,尿黄
乳房胀,便秘
乳房胀,月经过多
乳房胀,情绪不稳
乳房胀,胸胁胀
乳房胀,胸闷
乳房胀,月经稠
乳房胀,乳房痛
乳房胀,头晕
乳房胀,月经过少
乳房胀,腹胀
乳房胀,口苦
尿黄,情绪不稳
尿黄,胸胁胀
尿黄,胸闷
尿黄,月经稠
尿黄,乳房痛
尿黄,头晕
尿黄,口苦
便秘,情绪不稳
便秘,胸胁胀
便秘,胸闷
便秘,月经稠
便秘,乳房痛
便秘,头晕
便秘,月经过少
便秘,口苦
月经过多,情绪不稳
月经过多,胸胁胀
月经过多,胸闷
月经过多,月经稠
月经过多,乳房痛
月经过多,头晕
月经过多,月经过少
月经过多,口苦
情绪不稳,胸胁胀
情绪不稳,胸闷
情绪不稳,月经稠
情绪不稳,乳房痛
情绪不稳,头晕
情绪不稳,月经过少
情绪不稳,腹胀
情绪不稳,口苦
胸胁胀,胸闷
胸胁胀,月经稠
胸胁胀,乳房痛
胸胁胀,头晕
胸胁胀,月经过少
胸胁胀,腹胀
胸胁胀,口苦
胸闷,月经稠
胸闷,乳房痛
胸闷,头晕
胸闷,月经过少
胸闷,腹胀
胸闷,口苦
月经稠,乳房痛
月经稠,头晕
月经稠,月经过少
月经稠,腹胀
月经稠,口苦
乳房痛,头晕
乳房痛,月经过少
乳房痛,腹胀
乳房痛,口苦
头晕,月经过少
头晕,腹胀
头晕,口苦
月经过少,腹胀
月经过少,口苦
腹胀,口苦
月经色暗,月经夹瘀
腹痛,月经夹瘀
经行不畅,月经夹瘀
白带淋漓不断,腹痛
白带淋漓不断,月经色暗
白带淋漓不断,肢冷
白带淋漓不断,月经夹瘀
白带淋漓不断,月经后期
白带淋漓不断,月经过少
白带淋漓不断,便溏
白带淋漓不断,形寒
腹痛,肢冷
腹痛,月经后期
腹痛,便溏
腹痛,形寒
月经色暗,肢冷
月经色暗,月经后期
月经色暗,便溏
月经色暗,形寒
肢冷,月经夹瘀
肢冷,月经后期
肢冷,月经过少
肢冷,便溏
肢冷,形寒
月经夹瘀,月经后期
月经夹瘀,月经过少
月经夹瘀,便溏
月经夹瘀,形寒
月经后期,月经过少
月经后期,便溏
月经后期,形寒
月经过少,便溏
月经过少,形寒
便溏,形寒
情绪不稳,不寐
情绪不稳,瘫痪
情绪不稳,肢体麻木
情绪不稳,半身不遂
情绪不稳,头痛
情绪不稳,颤抖
情绪不稳,感觉异常
不寐,瘫痪
不寐,肢体麻木
不寐,烦躁
不寐,半身不遂
不寐,头晕
不寐,头痛
不寐,颤抖
不寐,感觉异常
瘫痪,烦躁
瘫痪,头晕
瘫痪,颤抖
肢体麻木,烦躁
肢体麻木,头晕
肢体麻木,颤抖
烦躁,半身不遂
烦躁,头痛
烦躁,颤抖
烦躁,感觉异常
半身不遂,头晕
半身不遂,颤抖
头晕,头痛
头晕,颤抖
头晕,感觉异常
头痛,颤抖
颤抖,感觉异常
月经先期,月经臭
月经先期,腹痛
月经先期,大便不爽
月经先期,月经色暗
月经先期,胃脘嘈杂
月经先期,尿短
月经先期,发热
月经先期,月经不调
月经先期,白带色黄
月经臭,腹痛
月经臭,大便不爽
月经臭,月经色暗
月经臭,胃脘嘈杂
月经臭,尿黄
月经臭,尿短
月经臭,发热
月经臭,月经不调
月经臭,便秘
月经臭,白带色黄
腹痛,大便不爽
腹痛,胃脘嘈杂
腹痛,尿短
腹痛,发热
腹痛,月经不调
腹痛,白带色黄
大便不爽,月经色暗
大便不爽,胃脘嘈杂
大便不爽,尿黄
大便不爽,尿短
大便不爽,发热
大便不爽,月经不调
大便不爽,便秘
大便不爽,白带色黄
月经色暗,胃脘嘈杂
月经色暗,尿短
月经色暗,发热
月经色暗,月经不调
月经色暗,白带色黄
胃脘嘈杂,尿黄
胃脘嘈杂,尿短
胃脘嘈杂,发热
胃脘嘈杂,月经不调
胃脘嘈杂,便秘
胃脘嘈杂,白带色黄
尿黄,月经不调
尿黄,白带色黄
尿短,月经不调
尿短,白带色黄
发热,月经不调
发热,白带色黄
月经不调,便秘
月经不调,白带色黄
便秘,白带色黄
腹痛,月经清稀
腹痛,月经色淡
腹痛,乏力
腹痛,面黄
腹痛,心悸
腹痛,面白
月经清稀,月经色淡
月经清稀,头晕
月经清稀,乏力
月经清稀,月经过少
月经清稀,面黄
月经清稀,心悸
月经清稀,面白
月经色淡,头晕
月经色淡,乏力
月经色淡,月经过少
月经色淡,面黄
月经色淡,心悸
月经色淡,面白
头晕,乏力
头晕,面黄
头晕,心悸
头晕,面白
乏力,月经过少
乏力,面黄
乏力,心悸
乏力,面白
月经过少,面黄
月经过少,心悸
月经过少,面白
面黄,心悸
面黄,面白
心悸,面白
腹痛,肢体痛
腹痛,白带清稀
腹痛,背冷
腹痛,尿清
腹痛,腰痛
肢体痛,白带清稀
肢体痛,肢冷
肢体痛,背冷
肢体痛,月经后期
肢体痛,尿清
肢体痛,腰痛
白带清稀,肢冷
白带清稀,背冷
白带清稀,月经后期
白带清稀,尿清
白带清稀,腰痛
肢冷,背冷
肢冷,尿清
肢冷,腰痛
背冷,月经后期
背冷,尿清
背冷,腰痛
月经后期,尿清
月经后期,腰痛
尿清,腰痛
腹痛,腰酸
腹痛,耳鸣
腰酸,耳鸣
腰酸,头晕
腰酸,月经过少
耳鸣,头晕
耳鸣,月经过少
腹胀,腰痛
腹胀,肢体痛
腰痛,月经过多
月经过多,肢体痛
腰酸,肢体痛
腰酸,腰痛
腰酸,月经后期
情绪不稳,吞酸
情绪不稳,嗳气
情绪不稳,呕吐
情绪不稳,乏力
情绪不稳,纳差
月经过少,吞酸
月经过少,嗳气
月经过少,呕吐
月经过少,纳差
吞酸,烦躁
吞酸,乳房痛
吞酸,嗳气
吞酸,乳房胀
吞酸,呕吐
吞酸,乏力
吞酸,纳差
吞酸,胸闷
烦躁,嗳气
烦躁,呕吐
烦躁,乏力
烦躁,纳差
乳房痛,嗳气
乳房痛,呕吐
乳房痛,乏力
乳房痛,纳差
嗳气,乳房胀
嗳气,呕吐
嗳气,乏力
嗳气,纳差
嗳气,胸闷
乳房胀,呕吐
乳房胀,乏力
乳房胀,纳差
呕吐,乏力
呕吐,纳差
呕吐,胸闷
乏力,纳差
乏力,胸闷
纳差,胸闷
恶心,月经先期
恶心,腹泻
恶心,足冷
恶心,咽干
恶心,口渴
恶心,手冷
恶心,胃脘嘈杂
恶心,呕吐
恶心,纳差
恶心,腹胀
恶心,面白
月经先期,腹泻
月经先期,足冷
月经先期,咽干
月经先期,手冷
月经先期,呕吐
月经先期,纳差
月经先期,腹胀
月经先期,面白
腹泻,足冷
腹泻,咽干
腹泻,口渴
腹泻,手冷
腹泻,胃脘嘈杂
腹泻,呕吐
腹泻,纳差
腹泻,腹胀
腹泻,面白
足冷,咽干
足冷,口渴
足冷,手冷
足冷,胃脘嘈杂
足冷,呕吐
足冷,纳差
足冷,腹胀
足冷,面白
咽干,手冷
咽干,胃脘嘈杂
咽干,呕吐
咽干,纳差
咽干,腹胀
咽干,面白
口渴,手冷
口渴,胃脘嘈杂
口渴,呕吐
口渴,纳差
口渴,面白
手冷,胃脘嘈杂
手冷,呕吐
手冷,纳差
手冷,腹胀
手冷,面白
胃脘嘈杂,呕吐
胃脘嘈杂,纳差
胃脘嘈杂,腹胀
胃脘嘈杂,面白
呕吐,腹胀
呕吐,面白
纳差,腹胀
纳差,面白
腹胀,面白
口粘,脘痞
口粘,视力受损
口粘,月经错后
口粘,头晕
口粘,呕吐
口粘,纳差
口粘,视物模糊
脘痞,视力受损
脘痞,月经错后
脘痞,头晕
脘痞,呕吐
脘痞,纳差
脘痞,视物模糊
视力受损,月经错后
视力受损,头晕
视力受损,呕吐
视力受损,纳差
视力受损,视物模糊
月经错后,头晕
月经错后,呕吐
月经错后,纳差
月经错后,视物模糊
头晕,呕吐
头晕,纳差
头晕,视物模糊
呕吐,视物模糊
纳差,视物模糊
白带淋漓不断,月经先期
白带淋漓不断,口淡
白带淋漓不断,腹泻
白带淋漓不断,浮肿
白带淋漓不断,面浮肿
白带淋漓不断,纳差
白带淋漓不断,面黄
白带淋漓不断,眼睑肿胀
月经先期,口淡
月经先期,浮肿
月经先期,面浮肿
月经先期,面黄
月经先期,眼睑肿胀
月经先期,便溏
口淡,腹痛
口淡,腹泻
口淡,浮肿
口淡,面浮肿
口淡,纳差
口淡,面黄
口淡,眼睑肿胀
口淡,便溏
腹痛,腹泻
腹痛,浮肿
腹痛,面浮肿
腹痛,纳差
腹痛,眼睑肿胀
腹泻,浮肿
腹泻,面浮肿
腹泻,面黄
腹泻,眼睑肿胀
腹泻,便溏
浮肿,面浮肿
浮肿,纳差
浮肿,面黄
浮肿,眼睑肿胀
浮肿,便溏
面浮肿,纳差
面浮肿,面黄
面浮肿,眼睑肿胀
面浮肿,便溏
纳差,面黄
纳差,眼睑肿胀
纳差,便溏
面黄,眼睑肿胀
面黄,便溏
眼睑肿胀,便溏
头昏沉,恶心
头昏沉,瘫痪
头昏沉,肢体麻木
头昏沉,半身不遂
头昏沉,胸闷
头昏沉,感觉异常
恶心,瘫痪
恶心,肢体麻木
恶心,半身不遂
恶心,胸闷
恶心,感觉异常
瘫痪,胸闷
肢体麻木,胸闷
半身不遂,胸闷
胸闷,感觉异常
腹泻,月经过少
腹泻,腰酸
腹泻,白带清稀
腹泻,肢冷
腹泻,下肢无力
腹泻,面暗
腹泻,月经后期
腹泻,尿清
腹泻,形寒
月经过少,白带清稀
月经过少,下肢无力
月经过少,面暗
月经过少,尿清
腹痛,下肢无力
腹痛,面暗
腰酸,白带清稀
腰酸,肢冷
腰酸,下肢无力
腰酸,面暗
腰酸,尿清
腰酸,腹胀
腰酸,便溏
腰酸,形寒
腰酸,面白
白带清稀,下肢无力
白带清稀,面暗
白带清稀,腹胀
白带清稀,便溏
白带清稀,形寒
白带清稀,面白
肢冷,下肢无力
肢冷,面暗
肢冷,腹胀
肢冷,面白
下肢无力,面暗
下肢无力,月经后期
下肢无力,尿清
下肢无力,腹胀
下肢无力,便溏
下肢无力,形寒
下肢无力,面白
面暗,月经后期
面暗,尿清
面暗,腹胀
面暗,便溏
面暗,形寒
面暗,面白
月经后期,腹胀
月经后期,面白
尿清,腹胀
尿清,便溏
尿清,形寒
尿清,面白
腹胀,便溏
腹胀,形寒
便溏,面白
形寒,面白
恶心,腹痛
恶心,胁胀
恶心,嗳气
恶心,乳房胀
腹泻,胁胀
腹泻,嗳气
腹泻,乳房胀
腹痛,胁胀
腹痛,嗳气
腹痛,呕吐
胁胀,嗳气
胁胀,乳房胀
胁胀,呕吐
胁胀,纳差
咽干,腹痛
咽干,呕血
咽干,目赤
咽干,出血
咽干,胁痛
咽干,烦躁
咽干,经行不畅
咽干,乳房胀
咽干,月经不调
咽干,情绪不稳
咽干,胸痛
咽干,头胀
咽干,乳房痛
咽干,头晕
咽干,面赤
咽干,口苦
腹痛,呕血
腹痛,出血
腹痛,胸痛
腹痛,不寐
腹痛,头胀
腹痛,面赤
呕血,目赤
呕血,出血
呕血,胁痛
呕血,烦躁
呕血,经行不畅
呕血,乳房胀
呕血,尿黄
呕血,月经不调
呕血,情绪不稳
呕血,胸痛
呕血,不寐
呕血,头胀
呕血,乳房痛
呕血,头晕
呕血,面赤
呕血,口苦
目赤,出血
目赤,月经不调
目赤,胸痛
目赤,不寐
目赤,头胀
目赤,面赤
出血,胁痛
出血,烦躁
出血,经行不畅
出血,乳房胀
出血,尿黄
出血,月经不调
出血,情绪不稳
出血,胸痛
出血,不寐
出血,头胀
出血,乳房痛
出血,头晕
出血,面赤
出血,口苦
胁痛,月经不调
胁痛,胸痛
胁痛,不寐
胁痛,头胀
胁痛,面赤
烦躁,月经不调
烦躁,胸痛
烦躁,头胀
烦躁,面赤
经行不畅,月经不调
经行不畅,胸痛
经行不畅,不寐
经行不畅,头胀
经行不畅,面赤
乳房胀,月经不调
乳房胀,胸痛
乳房胀,不寐
乳房胀,头胀
乳房胀,面赤
尿黄,胸痛
尿黄,头胀
尿黄,面赤
月经不调,情绪不稳
月经不调,胸痛
月经不调,不寐
月经不调,头胀
月经不调,乳房痛
月经不调,头晕
月经不调,面赤
月经不调,口苦
情绪不稳,胸痛
情绪不稳,头胀
情绪不稳,面赤
胸痛,不寐
胸痛,头胀
胸痛,乳房痛
胸痛,头晕
胸痛,面赤
胸痛,口苦
不寐,头胀
不寐,乳房痛
不寐,面赤
不寐,口苦
头胀,乳房痛
头胀,头晕
头胀,面赤
头胀,口苦
乳房痛,面赤
头晕,面赤
面赤,口苦
月经先期,牙龈出血
月经先期,呕血
月经先期,牙龈溃烂
月经先期,牙痛
月经先期,出血
月经先期,恶热
月经先期,口臭
牙龈出血,呕血
牙龈出血,牙龈溃烂
牙龈出血,牙痛
牙龈出血,出血
牙龈出血,喜冷
牙龈出血,口渴
牙龈出血,尿黄
牙龈出血,恶热
牙龈出血,便秘
牙龈出血,口臭
呕血,牙龈溃烂
呕血,牙痛
呕血,喜冷
呕血,口渴
呕血,恶热
呕血,便秘
呕血,口臭
牙龈溃烂,牙痛
牙龈溃烂,出血
牙龈溃烂,喜冷
牙龈溃烂,口渴
牙龈溃烂,尿黄
牙龈溃烂,恶热
牙龈溃烂,便秘
牙龈溃烂,口臭
牙痛,出血
牙痛,喜冷
牙痛,口渴
牙痛,尿黄
牙痛,恶热
牙痛,便秘
牙痛,口臭
出血,喜冷
出血,口渴
出血,恶热
出血,便秘
出血,口臭
喜冷,恶热
喜冷,口臭
口渴,恶热
尿黄,恶热
恶热,便秘
恶热,口臭
月经过少,呕血
月经过少,汗出
月经过少,咳嗽
月经过少,出血
月经过少,鼻干
月经过少,面赤
月经过少,声哑
月经过少,盗汗
咽干,汗出
咽干,耳鸣
咽干,咳嗽
咽干,鼻干
咽干,声哑
咽干,盗汗
呕血,汗出
呕血,耳鸣
呕血,咳嗽
呕血,鼻干
呕血,发热
呕血,声哑
呕血,盗汗
汗出,耳鸣
汗出,咳嗽
汗出,出血
汗出,鼻干
汗出,头晕
汗出,面赤
汗出,声哑
汗出,盗汗
耳鸣,咳嗽
耳鸣,出血
耳鸣,鼻干
耳鸣,面赤
耳鸣,发热
耳鸣,声哑
耳鸣,盗汗
咳嗽,出血
咳嗽,鼻干
咳嗽,头晕
咳嗽,面赤
咳嗽,发热
咳嗽,声哑
咳嗽,盗汗
出血,鼻干
出血,发热
出血,声哑
出血,盗汗
鼻干,头晕
鼻干,面赤
鼻干,发热
鼻干,声哑
鼻干,盗汗
头晕,发热
头晕,声哑
头晕,盗汗
面赤,发热
面赤,声哑
面赤,盗汗
发热,声哑
发热,盗汗
声哑,盗汗
白带淋漓不断,嗜卧
白带淋漓不断,腹胀
白带淋漓不断,出血
白带淋漓不断,月经色淡
白带淋漓不断,呼吸急促
白带淋漓不断,乏力
白带淋漓不断,崩漏
白带淋漓不断,少言
白带淋漓不断,月经过多
白带淋漓不断,面白
嗜卧,腹胀
嗜卧,出血
嗜卧,月经色淡
嗜卧,呼吸急促
嗜卧,乏力
嗜卧,纳差
嗜卧,崩漏
嗜卧,便溏
嗜卧,少言
嗜卧,月经过多
嗜卧,面白
腹胀,出血
腹胀,月经色淡
腹胀,呼吸急促
腹胀,乏力
腹胀,崩漏
腹胀,少言
出血,月经色淡
出血,呼吸急促
出血,乏力
出血,纳差
出血,崩漏
出血,便溏
出血,少言
出血,月经过多
出血,面白
月经色淡,呼吸急促
月经色淡,纳差
月经色淡,崩漏
月经色淡,便溏
月经色淡,少言
月经色淡,月经过多
呼吸急促,乏力
呼吸急促,纳差
呼吸急促,崩漏
呼吸急促,便溏
呼吸急促,少言
呼吸急促,月经过多
呼吸急促,面白
乏力,崩漏
乏力,便溏
乏力,少言
乏力,月经过多
纳差,崩漏
纳差,少言
纳差,月经过多
崩漏,便溏
崩漏,少言
崩漏,月经过多
崩漏,面白
便溏,少言
便溏,月经过多
少言,月经过多
少言,面白
月经过多,面白
闭经,月经过少
闭经,咽干
闭经,唇干
闭经,大便色黄
闭经,便血
闭经,面赤
闭经,便秘
闭经,口苦
闭经,口臭
月经过少,唇干
月经过少,大便色黄
月经过少,便血
月经过少,口臭
咽干,唇干
咽干,大便色黄
咽干,便血
咽干,便秘
咽干,口臭
唇干,大便色黄
唇干,便血
唇干,面赤
唇干,便秘
唇干,口苦
唇干,口臭
大便色黄,便血
大便色黄,面赤
大便色黄,便秘
大便色黄,口苦
大便色黄,口臭
便血,面赤
便血,便秘
便血,口苦
便血,口臭
面赤,便秘
面赤,口臭
口苦,口臭
月经先期,不寐
月经先期,少气
月经先期,便血
月经先期,乏力
月经先期,心悸
月经先期,面色不荣
月经先期,少言
月经先期,月经过多
足冷,不寐
足冷,少气
足冷,月经色暗
足冷,便血
足冷,乏力
足冷,心悸
足冷,面色不荣
足冷,便溏
足冷,少言
足冷,月经过多
不寐,少气
不寐,月经色暗
不寐,便血
不寐,手冷
不寐,乏力
不寐,心悸
不寐,面色不荣
不寐,纳差
不寐,便溏
不寐,少言
不寐,月经过多
少气,月经色暗
少气,便血
少气,手冷
少气,乏力
少气,心悸
少气,面色不荣
少气,纳差
少气,便溏
少气,少言
少气,月经过多
月经色暗,便血
月经色暗,手冷
月经色暗,乏力
月经色暗,心悸
月经色暗,面色不荣
月经色暗,纳差
月经色暗,少言
便血,手冷
便血,乏力
便血,心悸
便血,面色不荣
便血,纳差
便血,便溏
便血,少言
便血,月经过多
手冷,乏力
手冷,心悸
手冷,面色不荣
手冷,便溏
手冷,少言
手冷,月经过多
乏力,面色不荣
心悸,面色不荣
心悸,纳差
心悸,便溏
心悸,少言
心悸,月经过多
面色不荣,纳差
面色不荣,便溏
面色不荣,少言
面色不荣,月经过多
月经过少,浮肿
月经过少,尿浑浊
浮肿,腰酸
浮肿,尿少
浮肿,月经色淡
浮肿,肢冷
浮肿,尿清
浮肿,形寒
浮肿,尿浑浊
腰酸,尿少
腰酸,月经色淡
腰酸,尿浑浊
尿少,月经色淡
尿少,肢冷
尿少,尿清
尿少,便溏
尿少,形寒
尿少,尿浑浊
月经色淡,肢冷
月经色淡,尿清
月经色淡,形寒
月经色淡,尿浑浊
肢冷,尿浑浊
尿清,尿浑浊
便溏,尿浑浊
形寒,尿浑浊
恶心,肢肿
恶心,大便多
恶心,大便不调
恶心,面浮肿
肢肿,浮肿
肢肿,大便多
肢肿,大便不调
肢肿,面浮肿
肢肿,纳差
肢肿,腹胀
浮肿,大便多
浮肿,大便不调
浮肿,腹胀
大便多,大便不调
大便多,面浮肿
大便多,纳差
大便多,腹胀
大便不调,面浮肿
大便不调,纳差
大便不调,腹胀
面浮肿,腹胀
少气,腹胀
少气,消瘦
少气,脱形
少气,面黄
腹胀,消瘦
腹胀,脱形
腹胀,面黄
消瘦,乏力
消瘦,脱形
消瘦,纳差
消瘦,面黄
消瘦,便溏
消瘦,少言
乏力,脱形
脱形,纳差
脱形,面黄
脱形,便溏
脱形,少言
面黄,少言
浮肿,脘痞
浮肿,胸胁胀
浮肿,善太息
浮肿,月经错后
浮肿,乏力
腹痛,脘痞
腹痛,善太息
腹痛,月经错后
脘痞,胸胁胀
脘痞,善太息
脘痞,乏力
脘痞,腹胀
胸胁胀,善太息
胸胁胀,月经错后
胸胁胀,乏力
善太息,月经错后
善太息,乏力
善太息,腹胀
月经错后,乏力
月经错后,腹胀
皮肤麻木,感觉异常
皮肤麻木,抽搐
皮肤麻木,月经过多
皮肤麻木,面白
感觉异常,抽搐
感觉异常,月经过多
感觉异常,面白
抽搐,月经过多
抽搐,面白
情绪不稳,情绪激动
情绪不稳,肢软
情绪不稳,抽搐
不寐,情绪激动
不寐,便秘
不寐,肢软
不寐,抽搐
烦躁,情绪激动
烦躁,肢软
烦躁,抽搐
头晕,情绪激动
头晕,肢软
头晕,抽搐
乏力,情绪激动
乏力,便秘
乏力,肢软
乏力,抽搐
情绪激动,便秘
情绪激动,肢软
情绪激动,抽搐
便秘,肢软
便秘,抽搐
肢软,抽搐
恶心,昏迷
恶心,视力受损
恶心,头晕
恶心,抽搐
恶心,视物模糊
恶心,意识障碍
昏迷,视力受损
昏迷,头晕
昏迷,胸闷
昏迷,抽搐
昏迷,视物模糊
视力受损,胸闷
视力受损,抽搐
视力受损,意识障碍
头晕,意识障碍
胸闷,抽搐
胸闷,视物模糊
胸闷,意识障碍
抽搐,视物模糊
抽搐,意识障碍
视物模糊,意识障碍
不寐,神情呆滞
不寐,言语错乱
不寐,月经错后
不寐,健忘
不寐,情志异常
不寐,心中懊𢙐
不寐,精神恍惚
神情呆滞,言语错乱
神情呆滞,月经错后
神情呆滞,健忘
神情呆滞,乏力
神情呆滞,情志异常
神情呆滞,面色不荣
神情呆滞,心中懊𢙐
神情呆滞,少言
神情呆滞,精神恍惚
言语错乱,月经错后
言语错乱,健忘
言语错乱,乏力
言语错乱,情志异常
言语错乱,面色不荣
言语错乱,心中懊𢙐
言语错乱,少言
言语错乱,精神恍惚
月经错后,健忘
月经错后,情志异常
月经错后,心中懊𢙐
月经错后,少言
月经错后,精神恍惚
健忘,乏力
健忘,情志异常
健忘,面色不荣
健忘,心中懊𢙐
健忘,少言
健忘,精神恍惚
乏力,情志异常
乏力,心中懊𢙐
乏力,精神恍惚
情志异常,面色不荣
情志异常,心中懊𢙐
情志异常,少言
情志异常,精神恍惚
面色不荣,心中懊𢙐
面色不荣,精神恍惚
心中懊𢙐,少言
心中懊𢙐,精神恍惚
少言,精神恍惚
情绪不稳,月经先期
情绪不稳,唇干
情绪不稳,不能自制
情绪不稳,情志异常
情绪不稳,发狂
情绪不稳,少语
情绪不稳,精神恍惚
月经先期,唇干
月经先期,胸胁胀
月经先期,不能自制
月经先期,烦躁
月经先期,头痛
月经先期,情志异常
月经先期,发狂
月经先期,少语
月经先期,口苦
月经先期,精神恍惚
唇干,胸胁胀
唇干,不能自制
唇干,烦躁
唇干,头痛
唇干,情志异常
唇干,发狂
唇干,少语
唇干,月经过多
唇干,精神恍惚
胸胁胀,不能自制
胸胁胀,头痛
胸胁胀,情志异常
胸胁胀,发狂
胸胁胀,少语
胸胁胀,精神恍惚
不能自制,烦躁
不能自制,头痛
不能自制,情志异常
不能自制,发狂
不能自制,少语
不能自制,口苦
不能自制,月经过多
不能自制,精神恍惚
烦躁,情志异常
烦躁,发狂
烦躁,少语
烦躁,精神恍惚
头痛,情志异常
头痛,发狂
头痛,少语
头痛,口苦
头痛,月经过多
头痛,精神恍惚
情志异常,发狂
情志异常,少语
情志异常,口苦
情志异常,月经过多
发狂,少语
发狂,口苦
发狂,月经过多
发狂,精神恍惚
少语,口苦
少语,月经过多
少语,精神恍惚
口苦,精神恍惚
月经过多,精神恍惚
情绪不稳,皮疹
情绪不稳,言语错乱
情绪不稳,白带量多
情绪不稳,白带色黄
情绪不稳,意识障碍
不寐,皮疹
不寐,白带量多
不寐,胸闷
不寐,白带色黄
不寐,意识障碍
皮疹,烦躁
皮疹,言语错乱
皮疹,白带量多
皮疹,情志异常
皮疹,纳差
皮疹,胸闷
皮疹,白带色黄
皮疹,意识障碍
皮疹,精神恍惚
便秘,言语错乱
便秘,白带量多
便秘,情志异常
便秘,纳差
便秘,精神恍惚
烦躁,言语错乱
烦躁,白带量多
烦躁,白带色黄
烦躁,意识障碍
言语错乱,白带量多
言语错乱,纳差
言语错乱,胸闷
言语错乱,白带色黄
言语错乱,意识障碍
白带量多,情志异常
白带量多,纳差
白带量多,胸闷
白带量多,白带色黄
白带量多,意识障碍
白带量多,精神恍惚
情志异常,纳差
情志异常,胸闷
情志异常,白带色黄
情志异常,意识障碍
纳差,白带色黄
纳差,意识障碍
纳差,精神恍惚
胸闷,白带色黄
胸闷,精神恍惚
白带色黄,意识障碍
白带色黄,精神恍惚
意识障碍,精神恍惚
情绪不稳,手足发热
情绪不稳,绝经
情绪不稳,唇色红
情绪不稳,耳鸣
情绪不稳,月经骤来
情绪不稳,口渴
情绪不稳,鼻衄
情绪不稳,发热
情绪不稳,经断复行
手足发热,绝经
手足发热,不寐
手足发热,唇色红
手足发热,耳鸣
手足发热,烦躁
手足发热,月经骤来
手足发热,口渴
手足发热,鼻衄
手足发热,头晕
手足发热,面赤
手足发热,发热
手足发热,经断复行
手足发热,月经过少
绝经,不寐
绝经,唇色红
绝经,耳鸣
绝经,烦躁
绝经,月经骤来
绝经,口渴
绝经,鼻衄
绝经,头晕
绝经,面赤
绝经,发热
绝经,经断复行
绝经,月经过少
不寐,唇色红
不寐,耳鸣
不寐,月经骤来
不寐,鼻衄
不寐,经断复行
唇色红,耳鸣
唇色红,烦躁
唇色红,月经骤来
唇色红,口渴
唇色红,鼻衄
唇色红,头晕
唇色红,面赤
唇色红,发热
唇色红,经断复行
唇色红,月经过少
耳鸣,烦躁
耳鸣,月经骤来
耳鸣,口渴
耳鸣,鼻衄
耳鸣,经断复行
烦躁,月经骤来
烦躁,口渴
烦躁,鼻衄
烦躁,发热
烦躁,经断复行
月经骤来,口渴
月经骤来,鼻衄
月经骤来,头晕
月经骤来,面赤
月经骤来,发热
月经骤来,经断复行
月经骤来,月经过少
口渴,鼻衄
口渴,头晕
口渴,面赤
口渴,经断复行
鼻衄,头晕
鼻衄,面赤
鼻衄,经断复行
鼻衄,月经过少
头晕,经断复行
面赤,经断复行
发热,经断复行
经断复行,月经过少
月经骤来,乳房痛
月经骤来,乳房胀
乳房痛,经断复行
乳房胀,经断复行
口淡,月经色淡
口淡,乏力
口淡,经断复行
口淡,月经过少
口淡,面白
浮肿,经断复行
浮肿,面白
月经色淡,经断复行
乏力,经断复行
纳差,经断复行
经断复行,面白
不寐,消瘦
不寐,视力受损
不寐,脱形
不寐,皮肤干燥
不寐,面黄
不寐,视物模糊
少言,视力受损
少言,头晕
少言,皮肤干燥
少言,视物模糊
少气,视力受损
少气,头晕
少气,皮肤干燥
少气,视物模糊
消瘦,视力受损
消瘦,头晕
消瘦,面色不荣
消瘦,皮肤干燥
消瘦,心悸
消瘦,视物模糊
视力受损,脱形
视力受损,面色不荣
视力受损,皮肤干燥
视力受损,面黄
视力受损,心悸
头晕,脱形
头晕,面色不荣
头晕,皮肤干燥
脱形,面色不荣
脱形,皮肤干燥
脱形,心悸
脱形,视物模糊
面色不荣,面黄
面色不荣,视物模糊
皮肤干燥,面黄
皮肤干燥,心悸
皮肤干燥,视物模糊
面黄,视物模糊
心悸,视物模糊
口粘,月经骤来
口粘,经断复行
口粘,便秘
口粘,口苦
月经骤来,便秘
月经骤来,口苦
经断复行,便秘
经断复行,口苦
闭经,情绪不稳
闭经,腰酸
闭经,汗出
闭经,阴干
闭经,不寐
闭经,耳鸣
闭经,胁痛
闭经,烦躁
闭经,白带量少
闭经,头晕
闭经,月经不调
闭经,发热
闭经,月经后期
情绪不稳,腰酸
情绪不稳,汗出
情绪不稳,阴干
情绪不稳,白带量少
情绪不稳,月经后期
腰酸,汗出
腰酸,阴干
腰酸,不寐
腰酸,胁痛
腰酸,烦躁
腰酸,白带量少
腰酸,月经不调
腰酸,发热
腰酸,口苦
汗出,阴干
汗出,不寐
汗出,胁痛
汗出,烦躁
汗出,白带量少
汗出,月经不调
汗出,月经后期
汗出,口苦
阴干,不寐
阴干,耳鸣
阴干,胁痛
阴干,烦躁
阴干,白带量少
阴干,头晕
阴干,月经不调
阴干,发热
阴干,月经后期
阴干,口苦
不寐,白带量少
不寐,月经后期
耳鸣,胁痛
耳鸣,白带量少
耳鸣,月经不调
耳鸣,月经后期
耳鸣,口苦
胁痛,白带量少
胁痛,发热
胁痛,月经后期
烦躁,白带量少
烦躁,月经后期
白带量少,头晕
白带量少,月经不调
白带量少,发热
白带量少,月经后期
白带量少,口苦
头晕,月经后期
月经不调,月经后期
发热,月经后期
发热,口苦
月经后期,口苦
闭经,浮肿
闭经,肢冷
闭经,呼吸急促
闭经,乏力
闭经,纳差
闭经,面暗
闭经,便溏
闭经,少言
闭经,形寒
浮肿,呼吸急促
浮肿,月经不调
浮肿,面暗
浮肿,少言
腰酸,呼吸急促
腰酸,乏力
腰酸,纳差
腰酸,少言
肢冷,呼吸急促
肢冷,乏力
肢冷,月经不调
肢冷,纳差
肢冷,少言
呼吸急促,月经不调
呼吸急促,面暗
呼吸急促,形寒
乏力,月经不调
乏力,面暗
乏力,形寒
月经不调,纳差
月经不调,面暗
月经不调,便溏
月经不调,少言
月经不调,形寒
纳差,面暗
纳差,形寒
面暗,少言
少言,形寒
汗出,面黄
汗出,腹胀
汗出,呼吸急促
汗出,健忘
汗出,纳差
汗出,崩漏
汗出,心悸
汗出,便溏
面黄,呼吸急促
面黄,健忘
面黄,恶寒
面黄,月经不调
面黄,崩漏
不寐,腹胀
不寐,呼吸急促
不寐,恶寒
不寐,崩漏
腹胀,健忘
腹胀,恶寒
腹胀,月经不调
腹胀,心悸
呼吸急促,健忘
呼吸急促,恶寒
呼吸急促,心悸
健忘,恶寒
健忘,月经不调
健忘,纳差
健忘,崩漏
健忘,心悸
健忘,便溏
恶寒,月经不调
恶寒,纳差
恶寒,崩漏
恶寒,心悸
恶寒,便溏
月经不调,崩漏
月经不调,心悸
崩漏,心悸
闭经,健忘
闭经,心悸
情绪不稳,健忘
情绪不稳,心悸
烦躁,健忘
烦躁,心悸
健忘,发热
发热,心悸
腹痛,白带稠
腹痛,尿热
腹痛,阴痒
腹痛,白带量多
白带稠,尿热
白带稠,阴痒
白带稠,白带量多
白带稠,白带色黄
尿热,阴痒
尿热,白带量多
尿热,白带色黄
阴痒,白带量多
阴痒,白带色黄
浮肿,下肢无力
浮肿,白带色黄
浮肿,月经过多
腰酸,白带色黄
腰酸,月经过多
下肢无力,纳差
下肢无力,白带色黄
下肢无力,月经过多
白带色黄,月经过多
情绪不稳,白带色赤
情绪不稳,阴痒
情绪不稳,带下赤白相兼
情绪不稳,尿不利
腹痛,白带色赤
腹痛,口渴
腹痛,带下赤白相兼
腹痛,尿不利
烦躁,白带色赤
烦躁,阴痒
烦躁,带下赤白相兼
烦躁,尿不利
白带色赤,阴痒
白带色赤,口渴
白带色赤,带下赤白相兼
白带色赤,尿黄
白带色赤,尿不利
白带色赤,胸闷
白带色赤,腹胀
白带色赤,口苦
阴痒,口渴
阴痒,带下赤白相兼
阴痒,尿黄
阴痒,尿不利
阴痒,胸闷
阴痒,腹胀
阴痒,口苦
口渴,带下赤白相兼
口渴,尿不利
口渴,胸闷
口渴,口苦
带下赤白相兼,尿黄
带下赤白相兼,尿不利
带下赤白相兼,胸闷
带下赤白相兼,腹胀
带下赤白相兼,口苦
尿黄,尿不利
尿不利,胸闷
尿不利,腹胀
尿不利,口苦
情绪不稳,胁胀
胁胀,烦躁
胁胀,阴痒
胁胀,头晕
胁胀,白带量多
胁胀,白带色赤
阴痒,头晕
头晕,白带量多
头晕,白带色赤
白带量多,白带色赤
情绪不稳,阴热
情绪不稳,皮肤瘙痒
咽干,腰酸
咽干,阴干
咽干,阴热
咽干,白带量多
咽干,白带色赤
咽干,皮肤瘙痒
咽干,心悸
腰酸,阴热
腰酸,白带量多
腰酸,尿黄
腰酸,白带色赤
腰酸,皮肤瘙痒
腰酸,心悸
阴干,阴热
阴干,白带量多
阴干,尿黄
阴干,白带色赤
阴干,皮肤瘙痒
阴干,心悸
耳鸣,阴热
耳鸣,白带量多
耳鸣,尿黄
耳鸣,白带色赤
耳鸣,皮肤瘙痒
耳鸣,心悸
烦躁,阴热
烦躁,皮肤瘙痒
阴热,白带量多
阴热,头晕
阴热,尿黄
阴热,白带色赤
阴热,皮肤瘙痒
阴热,心悸
阴热,口苦
白带量多,尿黄
白带量多,皮肤瘙痒
白带量多,心悸
白带量多,口苦
头晕,皮肤瘙痒
尿黄,心悸
白带色赤,皮肤瘙痒
白带色赤,心悸
皮肤瘙痒,心悸
皮肤瘙痒,口苦
心悸,口苦
腹泻,汗出
腹泻,自汗
腹泻,肌肤甲错
腹泻,呼吸急促
腹泻,脱形
腹泻,喉呛
腹泻,气喘
腹泻,发热
腹泻,声哑
腹泻,盗汗
腹泻,心悸
汗出,肌肤甲错
汗出,脱形
汗出,喉呛
汗出,气喘
自汗,肌肤甲错
自汗,呼吸急促
自汗,脱形
自汗,喉呛
自汗,气喘
自汗,声哑
自汗,盗汗
自汗,心悸
肌肤甲错,呼吸急促
肌肤甲错,脱形
肌肤甲错,喉呛
肌肤甲错,气喘
肌肤甲错,发热
肌肤甲错,声哑
肌肤甲错,盗汗
肌肤甲错,心悸
呼吸急促,脱形
呼吸急促,喉呛
呼吸急促,气喘
呼吸急促,发热
呼吸急促,声哑
呼吸急促,盗汗
脱形,喉呛
脱形,气喘
脱形,发热
脱形,声哑
脱形,盗汗
喉呛,气喘
喉呛,发热
喉呛,声哑
喉呛,盗汗
喉呛,心悸
气喘,声哑
气喘,盗汗
气喘,心悸
声哑,心悸
盗汗,心悸
腹痛,不孕
不孕,肢冷
不孕,白带色赤
不孕,形寒
肢冷,白带色赤
白带色赤,形寒
腹痛,抑郁
腹痛,气味酸臭
腹痛,五色带
腹痛,带下色白
胁痛,抑郁
胁痛,气味酸臭
胁痛,白带色赤
胁痛,五色带
胁痛,纳差
胁痛,带下色白
抑郁,气味酸臭
抑郁,白带色赤
抑郁,头胀
抑郁,五色带
抑郁,纳差
抑郁,胸闷
抑郁,带下色白
气味酸臭,白带色赤
气味酸臭,头胀
气味酸臭,五色带
气味酸臭,纳差
气味酸臭,胸闷
气味酸臭,带下色白
白带色赤,头胀
白带色赤,五色带
白带色赤,纳差
白带色赤,带下色白
头胀,五色带
头胀,纳差
头胀,胸闷
头胀,带下色白
五色带,纳差
五色带,胸闷
五色带,带下色白
纳差,带下色白
胸闷,带下色白
口粘,消瘦
口粘,带下赤白相兼
口粘,乏力
口粘,发热
口粘,五色带
消瘦,带下赤白相兼
消瘦,发热
消瘦,五色带
带下赤白相兼,头晕
带下赤白相兼,乏力
带下赤白相兼,发热
带下赤白相兼,五色带
头晕,五色带
乏力,发热
乏力,五色带
发热,五色带
腹痛,尿痛
腹痛,尿频
腹痛,恶臭
尿痛,带下赤白相兼
尿痛,尿频
尿痛,发热
尿痛,五色带
尿痛,恶臭
带下赤白相兼,尿频
带下赤白相兼,恶臭
尿频,发热
尿频,五色带
尿频,恶臭
发热,恶臭
五色带,恶臭
腹痛,消瘦
腰酸,消瘦
腰酸,五色带
消瘦,下肢无力
下肢无力,头晕
下肢无力,乏力
下肢无力,五色带
脘痞,不能食
脘痞,意识障碍
脘痞,嗜睡
呕吐,不能食
呕吐,意识障碍
呕吐,嗜睡
乏力,不能食
乏力,意识障碍
乏力,嗜睡
不能食,腹胀
不能食,意识障碍
不能食,嗜睡
腹胀,意识障碍
腹胀,嗜睡
意识障碍,嗜睡
腹痛,面青
腹痛,不食
腹痛,恶寒
腹痛,喜热饮
面青,不食
面青,肢冷
面青,恶寒
面青,呕吐
面青,乏力
面青,喜热饮
不食,肢冷
不食,恶寒
不食,呕吐
不食,乏力
不食,喜热饮
肢冷,恶寒
肢冷,呕吐
肢冷,喜热饮
恶寒,呕吐
恶寒,乏力
恶寒,喜热饮
呕吐,喜热饮
乏力,喜热饮
情绪不稳,恶心
情绪不稳,喜冷
恶心,喜冷
恶心,烦躁
恶心,面赤
恶心,便秘
喜冷,烦躁
喜冷,呕吐
喜冷,面赤
呕吐,面赤
呕吐,便秘
恶心,呼吸困难
恶心,口淡
恶心,口粘
恶心,胸膈痞满
恶心,心悸
呼吸困难,口淡
呼吸困难,口粘
呼吸困难,胸膈痞满
呼吸困难,视力受损
呼吸困难,头晕
呼吸困难,呕吐
呼吸困难,纳差
呼吸困难,心悸
呼吸困难,视物模糊
口淡,口粘
口淡,胸膈痞满
口淡,视力受损
口淡,头晕
口淡,呕吐
口淡,心悸
口淡,视物模糊
口粘,胸膈痞满
口粘,心悸
胸膈痞满,视力受损
胸膈痞满,头晕
胸膈痞满,呕吐
胸膈痞满,纳差
胸膈痞满,心悸
胸膈痞满,视物模糊
呕吐,心悸
胁痛,口酸
胁痛,嗳气
胁痛,呕吐
胁痛,口臭
口酸,嗳气
口酸,头晕
口酸,呕吐
口酸,胸闷
口酸,口苦
口酸,口臭
嗳气,头晕
嗳气,口苦
嗳气,口臭
头晕,口臭
呕吐,口苦
呕吐,口臭
胸闷,口臭
恶心,不喜饮
恶心,胸胀
恶心,神情呆滞
恶心,胸部白㾦
恶心,面垢
恶心,面暗
恶心,白㾦
不喜饮,汗出
不喜饮,口粘
不喜饮,胸胀
不喜饮,神情呆滞
不喜饮,胸部白㾦
不喜饮,口渴
不喜饮,面垢
不喜饮,发热
不喜饮,纳差
不喜饮,面暗
不喜饮,腹胀
不喜饮,白㾦
汗出,口粘
汗出,胸胀
汗出,神情呆滞
汗出,胸部白㾦
汗出,口渴
汗出,面垢
汗出,面暗
汗出,白㾦
口粘,胸胀
口粘,神情呆滞
口粘,胸部白㾦
口粘,口渴
口粘,面垢
口粘,面暗
口粘,腹胀
口粘,白㾦
胸胀,神情呆滞
胸胀,胸部白㾦
胸胀,口渴
胸胀,面垢
胸胀,发热
胸胀,纳差
胸胀,面暗
胸胀,腹胀
胸胀,白㾦
神情呆滞,胸部白㾦
神情呆滞,口渴
神情呆滞,面垢
神情呆滞,发热
神情呆滞,纳差
神情呆滞,面暗
神情呆滞,腹胀
神情呆滞,白㾦
胸部白㾦,口渴
胸部白㾦,面垢
胸部白㾦,发热
胸部白㾦,纳差
胸部白㾦,面暗
胸部白㾦,腹胀
胸部白㾦,白㾦
口渴,面垢
口渴,面暗
口渴,白㾦
面垢,发热
面垢,纳差
面垢,面暗
面垢,腹胀
面垢,白㾦
发热,纳差
发热,面暗
发热,腹胀
发热,白㾦
纳差,白㾦
面暗,白㾦
腹胀,白㾦
咽干,不喜饮
咽干,坐卧不安
咽干,尿短
情绪不稳,不喜饮
情绪不稳,坐卧不安
情绪不稳,尿短
不喜饮,烦躁
不喜饮,坐卧不安
不喜饮,尿黄
不喜饮,尿短
烦躁,坐卧不安
烦躁,尿短
口渴,坐卧不安
口渴,尿短
坐卧不安,尿黄
坐卧不安,尿短
坐卧不安,发热
头昏沉,情绪不稳
头昏沉,口粘
头昏沉,脘痞
头昏沉,胆怯
头昏沉,烦躁
头昏沉,头晕
头昏沉,呕吐
头昏沉,纳差
头昏沉,心悸
情绪不稳,口粘
情绪不稳,脘痞
情绪不稳,胆怯
恶心,脘痞
恶心,胆怯
口粘,胆怯
口粘,烦躁
脘痞,胆怯
脘痞,烦躁
脘痞,心悸
胆怯,烦躁
胆怯,头晕
胆怯,呕吐
胆怯,纳差
胆怯,心悸
情绪不稳,易惊
情绪不稳,善太息
情绪不稳,抑郁
易惊,胁胀
易惊,烦躁
易惊,胁痛
易惊,善太息
易惊,抑郁
胁胀,胁痛
胁胀,善太息
胁胀,抑郁
烦躁,善太息
烦躁,抑郁
胁痛,善太息
善太息,抑郁
咳嗽,咳痰
咳嗽,流鼻涕
咳嗽,无汗
咳嗽,头痛
咳嗽,恶寒
咳嗽,鼻塞
咳嗽,肢软
咳嗽,咽痒
咳嗽,声浊
咳痰,流鼻涕
咳痰,无汗
咳痰,头痛
咳痰,恶寒
咳痰,发热
咳痰,鼻塞
咳痰,肢软
咳痰,咽痒
咳痰,声浊
流鼻涕,无汗
流鼻涕,头痛
流鼻涕,恶寒
流鼻涕,发热
流鼻涕,鼻塞
流鼻涕,肢软
流鼻涕,咽痒
流鼻涕,声浊
无汗,发热
无汗,鼻塞
无汗,肢软
无汗,咽痒
无汗,声浊
头痛,鼻塞
头痛,肢软
头痛,咽痒
头痛,声浊
恶寒,鼻塞
恶寒,肢软
恶寒,咽痒
恶寒,声浊
发热,鼻塞
发热,肢软
发热,咽痒
发热,声浊
鼻塞,肢软
鼻塞,咽痒
鼻塞,声浊
肢软,咽痒
肢软,声浊
咽痒,声浊
汗出,咽痛
汗出,咳痰
咽痛,咳嗽
咽痛,咳痰
咽痛,口渴
咽痛,头痛
咽痛,恶寒
咽痛,发热
咳嗽,口渴
咳痰,口渴
口渴,头痛
口渴,恶寒
咽干,咽痛
咽干,咳痰
咽干,形寒
咽干,咳血
咽痛,鼻干
咽痛,形寒
咽痛,咳血
咳嗽,形寒
咳嗽,咳血
咳痰,鼻干
咳痰,形寒
咳痰,咳血
鼻干,形寒
鼻干,咳血
发热,形寒
发热,咳血
形寒,咳血
口渴,声哑
口渴,咳血
面赤,咳血
声哑,咳血
脘痞,咳嗽
脘痞,咳痰
脘痞,胸闷
脘痞,便溏
咳嗽,纳差
咳嗽,胸闷
咳嗽,便溏
咳痰,纳差
咳痰,胸闷
咳痰,便溏
胸闷,便溏
咽干,呼吸困难
咽干,呼吸急促
咽干,尿失禁
呼吸困难,腰酸
呼吸困难,耳鸣
呼吸困难,咳嗽
呼吸困难,咳痰
呼吸困难,呼吸急促
呼吸困难,尿失禁
腰酸,咳嗽
腰酸,咳痰
腰酸,尿失禁
耳鸣,咳痰
耳鸣,呼吸急促
耳鸣,尿失禁
咳嗽,呼吸急促
咳嗽,尿失禁
咳痰,呼吸急促
咳痰,尿失禁
咳痰,头晕
呼吸急促,尿失禁
呼吸急促,头晕
尿失禁,头晕
声音不扬,咳嗽
声音不扬,鼻塞
声音不扬,流鼻涕
声音不扬,恶寒
声音不扬,发热
声音不扬,声哑
鼻塞,声哑
流鼻涕,声哑
恶寒,声哑
情绪不稳,呼吸困难
情绪不稳,气怯
情绪不稳,鼻翼煽动
情绪不稳,手足蠕动
情绪不稳,瘈疭
情绪不稳,白㾦
呼吸困难,气怯
呼吸困难,鼻翼煽动
呼吸困难,烦躁
呼吸困难,口渴
呼吸困难,乏力
呼吸困难,手足蠕动
呼吸困难,发热
呼吸困难,意识障碍
呼吸困难,瘈疭
呼吸困难,白㾦
气怯,鼻翼煽动
气怯,烦躁
气怯,口渴
气怯,乏力
气怯,手足蠕动
气怯,发热
气怯,意识障碍
气怯,心悸
气怯,瘈疭
气怯,白㾦
鼻翼煽动,烦躁
鼻翼煽动,口渴
鼻翼煽动,乏力
鼻翼煽动,手足蠕动
鼻翼煽动,发热
鼻翼煽动,意识障碍
鼻翼煽动,心悸
鼻翼煽动,瘈疭
鼻翼煽动,白㾦
烦躁,手足蠕动
烦躁,瘈疭
烦躁,白㾦
口渴,乏力
口渴,手足蠕动
口渴,意识障碍
口渴,心悸
口渴,瘈疭
乏力,手足蠕动
乏力,瘈疭
乏力,白㾦
手足蠕动,发热
手足蠕动,意识障碍
手足蠕动,心悸
手足蠕动,瘈疭
手足蠕动,白㾦
发热,瘈疭
意识障碍,心悸
意识障碍,瘈疭
意识障碍,白㾦
心悸,瘈疭
心悸,白㾦
瘈疭,白㾦
喉中有痰,咽干
喉中有痰,便秘
喉中有痰,咽痛
喉中有痰,咳嗽
喉中有痰,咳痰
喉中有痰,声重
喉中有痰,尿黄
喉中有痰,尿短
喉中有痰,不能出声
喉中有痰,声哑
咽干,声重
咽干,不能出声
便秘,咽痛
便秘,咳嗽
便秘,咳痰
便秘,声重
便秘,不能出声
便秘,声哑
咽痛,声重
咽痛,尿黄
咽痛,尿短
咽痛,不能出声
咽痛,声哑
咳嗽,声重
咳嗽,尿黄
咳嗽,尿短
咳嗽,不能出声
咳痰,声重
咳痰,尿黄
咳痰,尿短
咳痰,不能出声
咳痰,声哑
声重,尿黄
声重,尿短
声重,不能出声
声重,声哑
尿黄,不能出声
尿黄,声哑
尿短,不能出声
尿短,声哑
不能出声,声哑
口渴,呼吸急促
咽干,视力受损
咽干,视物模糊
腰酸,视力受损
腰酸,不能出声
腰酸,声哑
腰酸,视物模糊
耳鸣,视力受损
耳鸣,不能出声
耳鸣,视物模糊
视力受损,不能出声
视力受损,声哑
头晕,不能出声
不能出声,视物模糊
声哑,视物模糊
口淡,皮肤色黄
口淡,足冷
口淡,手冷
口淡,呼吸急促
皮肤色黄,足冷
皮肤色黄,浮肿
皮肤色黄,手冷
皮肤色黄,呼吸急促
皮肤色黄,乏力
皮肤色黄,面浮肿
皮肤色黄,纳差
皮肤色黄,便溏
足冷,浮肿
足冷,呼吸急促
足冷,面浮肿
浮肿,手冷
手冷,呼吸急促
手冷,面浮肿
呼吸急促,面浮肿
乏力,面浮肿
肢肿,腰酸
肢肿,呼吸急促
肢肿,下肢无力
肢肿,下肢冷
肢肿,面暗
肢肿,心悸
浮肿,下肢冷
浮肿,心悸
腰酸,下肢冷
呼吸急促,下肢无力
呼吸急促,下肢冷
下肢无力,下肢冷
下肢无力,心悸
下肢冷,面暗
下肢冷,心悸
面暗,心悸
情绪不稳,浮肿
情绪不稳,皮色不变
浮肿,胁胀
浮肿,皮色不变
浮肿,烦躁
浮肿,头晕
浮肿,胸闷
胁胀,皮色不变
胁胀,胸闷
皮色不变,烦躁
皮色不变,头晕
皮色不变,纳差
皮色不变,胸闷
情绪不稳,视力受损
情绪不稳,腿酸
情绪不稳,肢体痛
情绪不稳,视物模糊
情绪不稳,腰痛
情绪不稳,眩晕
不寐,腿酸
不寐,肢体痛
不寐,腰痛
不寐,眩晕
耳鸣,腿酸
耳鸣,肢体痛
耳鸣,腰痛
耳鸣,眩晕
烦躁,视力受损
烦躁,腿酸
烦躁,肢体痛
烦躁,视物模糊
烦躁,腰痛
烦躁,眩晕
视力受损,腿酸
视力受损,面赤
视力受损,肢体痛
视力受损,腰痛
视力受损,眩晕
头晕,腿酸
头晕,肢体痛
头晕,腰痛
头晕,眩晕
腿酸,面赤
腿酸,肢体痛
腿酸,心悸
腿酸,视物模糊
腿酸,腰痛
腿酸,眩晕
面赤,肢体痛
面赤,心悸
面赤,视物模糊
面赤,腰痛
面赤,眩晕
肢体痛,心悸
肢体痛,视物模糊
肢体痛,眩晕
心悸,腰痛
心悸,眩晕
视物模糊,腰痛
视物模糊,眩晕
腰痛,眩晕
不寐,声低
不寐,唇色白
不寐,面白
声低,视力受损
声低,呼吸急促
声低,唇色白
声低,头晕
声低,乏力
声低,皮肤干燥
声低,纳差
声低,心悸
声低,视物模糊
声低,眩晕
声低,面白
视力受损,呼吸急促
视力受损,唇色白
视力受损,乏力
视力受损,面白
呼吸急促,唇色白
呼吸急促,皮肤干燥
呼吸急促,视物模糊
呼吸急促,眩晕
唇色白,头晕
唇色白,乏力
唇色白,皮肤干燥
唇色白,纳差
唇色白,心悸
唇色白,视物模糊
唇色白,眩晕
唇色白,面白
乏力,皮肤干燥
乏力,视物模糊
乏力,眩晕
皮肤干燥,纳差
皮肤干燥,眩晕
皮肤干燥,面白
纳差,眩晕
视物模糊,面白
眩晕,面白
头昏沉,肢肿
头昏沉,浮肿
头昏沉,尿少
头昏沉,乏力
头昏沉,尿短
头昏沉,便溏
头昏沉,眩晕
肢肿,脘痞
肢肿,尿少
肢肿,头晕
肢肿,乏力
肢肿,尿短
肢肿,胸闷
肢肿,便溏
肢肿,眩晕
恶心,尿少
恶心,乏力
恶心,尿短
恶心,便溏
恶心,眩晕
浮肿,尿短
浮肿,眩晕
脘痞,尿少
脘痞,尿短
脘痞,眩晕
尿少,头晕
尿少,乏力
尿少,尿短
尿少,纳差
尿少,胸闷
尿少,眩晕
头晕,尿短
头晕,便溏
乏力,尿短
尿短,纳差
尿短,胸闷
尿短,便溏
尿短,眩晕
胸闷,眩晕
便溏,眩晕
恶心,目眩
恶心,手麻木
恶心,呼吸急促
恶心,头胀
恶心,口流清涎
目眩,手麻木
目眩,浮肿
目眩,肢体麻木
目眩,昏迷
目眩,视力受损
目眩,呼吸急促
目眩,头晕
目眩,头痛
目眩,感觉异常
目眩,头胀
目眩,心悸
目眩,口流清涎
目眩,抽搐
目眩,视物模糊
目眩,意识障碍
手麻木,浮肿
手麻木,肢体麻木
手麻木,昏迷
手麻木,视力受损
手麻木,呼吸急促
手麻木,头晕
手麻木,头痛
手麻木,感觉异常
手麻木,头胀
手麻木,心悸
手麻木,口流清涎
手麻木,抽搐
手麻木,视物模糊
手麻木,意识障碍
浮肿,肢体麻木
浮肿,昏迷
浮肿,视力受损
浮肿,感觉异常
浮肿,头胀
浮肿,口流清涎
浮肿,抽搐
浮肿,视物模糊
浮肿,意识障碍
肢体麻木,昏迷
肢体麻木,视力受损
肢体麻木,呼吸急促
肢体麻木,头胀
肢体麻木,心悸
肢体麻木,口流清涎
肢体麻木,抽搐
肢体麻木,视物模糊
肢体麻木,意识障碍
昏迷,呼吸急促
昏迷,头痛
昏迷,感觉异常
昏迷,头胀
昏迷,心悸
昏迷,口流清涎
视力受损,头痛
视力受损,感觉异常
视力受损,头胀
视力受损,口流清涎
呼吸急促,头痛
呼吸急促,感觉异常
呼吸急促,头胀
呼吸急促,口流清涎
呼吸急促,抽搐
呼吸急促,意识障碍
头晕,口流清涎
头痛,头胀
头痛,心悸
头痛,口流清涎
头痛,抽搐
头痛,视物模糊
头痛,意识障碍
感觉异常,头胀
感觉异常,心悸
感觉异常,口流清涎
感觉异常,视物模糊
感觉异常,意识障碍
头胀,心悸
头胀,口流清涎
头胀,抽搐
头胀,视物模糊
头胀,意识障碍
心悸,口流清涎
心悸,抽搐
口流清涎,抽搐
口流清涎,视物模糊
口流清涎,意识障碍
情绪不稳,谵语
情绪不稳,皮肤斑块
皮疹,谵语
皮疹,皮肤斑块
皮疹,发热
皮疹,抽搐
谵语,烦躁
谵语,皮肤斑块
谵语,发热
谵语,抽搐
烦躁,皮肤斑块
皮肤斑块,发热
皮肤斑块,抽搐
发热,抽搐
头昏沉,目眩
头昏沉,昏迷
头昏沉,头痛
头昏沉,口流清涎
头昏沉,抽搐
头昏沉,意识障碍
目眩,尿少
目眩,纳差
目眩,胸闷
昏迷,尿少
昏迷,纳差
尿少,头痛
尿少,口流清涎
尿少,抽搐
尿少,意识障碍
头痛,纳差
头痛,胸闷
纳差,口流清涎
纳差,抽搐
胸闷,口流清涎
面黄,皮肤瘙痒
不寐,皮肤瘙痒
视力受损,皮肤瘙痒
皮肤瘙痒,视物模糊
情绪不稳,面黄
情绪不稳,黄疸
情绪不稳,便溏
恶心,面黄
恶心,胸胁胀
恶心,黄疸
恶心,尿黄
恶心,口苦
咽干,面黄
咽干,胸胁胀
咽干,黄疸
咽干,便溏
面黄,胸胁胀
面黄,烦躁
面黄,黄疸
面黄,尿黄
面黄,口苦
胸胁胀,黄疸
胸胁胀,纳差
胸胁胀,皮肤瘙痒
胸胁胀,便溏
烦躁,黄疸
烦躁,便溏
黄疸,尿黄
黄疸,纳差
黄疸,皮肤瘙痒
黄疸,便溏
黄疸,口苦
尿黄,纳差
尿黄,便溏
纳差,皮肤瘙痒
纳差,口苦
皮肤瘙痒,便溏
便溏,口苦
面黄,皮疹
面黄,皮肤水疱
皮疹,视力受损
皮疹,头晕
皮疹,乏力
皮疹,心悸
皮疹,视物模糊
皮疹,皮肤水疱
不寐,皮肤水疱
视力受损,皮肤水疱
头晕,皮肤水疱
乏力,皮肤瘙痒
乏力,皮肤水疱
心悸,皮肤水疱
纳差,皮肤水疱
皮肤瘙痒,皮肤水疱
皮肤干燥,皮肤水疱
视物模糊,皮肤水疱
皮疹,咽痛
皮疹,咳嗽
皮疹,流鼻涕
皮疹,头痛
咽痛,流鼻涕
头痛,乏力
头痛,面黄
头痛,面白
耳鸣,头痛
耳鸣,头胀
视力受损,口渴
视力受损,口苦
口渴,头胀
口渴,视物模糊
口苦,视物模糊
头痛,面赤
头昏沉,嗜卧
头昏沉,视力受损
头昏沉,视物模糊
肢肿,嗜卧
肢肿,视力受损
肢肿,头痛
肢肿,视物模糊
恶心,嗜卧
浮肿,嗜卧
脘痞,嗜卧
脘痞,头痛
嗜卧,视力受损
嗜卧,头晕
嗜卧,头痛
嗜卧,胸闷
嗜卧,视物模糊
关节痛,头痛
关节痛,恶寒
关节痛,肢体痛
关节痛,背痛
关节痛,颈部痛
头痛,背痛
头痛,颈部痛
恶寒,背痛
恶寒,颈部痛
肢体痛,背痛
肢体痛,颈部痛
背痛,颈部痛
目赤,咽痛
目赤,头痛
目赤,恶寒
目赤,发热
咽痛,面赤
咽痛,头胀
恶寒,面赤
恶寒,头胀
头胀,发热
皮疹,尿短
尿短,皮肤瘙痒
发热,胸闷
胸闷,皮肤瘙痒
头痛,便溏
情绪不稳,消渴
情绪不稳,易饥
情绪不稳,口臭
消渴,唇色红
消渴,易饥
消渴,喜冷
消渴,烦躁
消渴,口渴
消渴,尿黄
消渴,面赤
消渴,便秘
消渴,口臭
唇色红,易饥
唇色红,喜冷
唇色红,尿黄
唇色红,便秘
唇色红,口臭
易饥,喜冷
易饥,烦躁
易饥,口渴
易饥,尿黄
易饥,面赤
易饥,便秘
易饥,口臭
烦躁,口臭
咽干,消渴
咽干,易饥
咽干,欲饮
咽干,善食
咽干,唇燥
消渴,欲饮
消渴,善食
消渴,唇燥
易饥,欲饮
易饥,善食
易饥,唇燥
欲饮,善食
欲饮,唇燥
善食,口渴
善食,唇燥
善食,便秘
口渴,唇燥
唇燥,便秘
咽干,喜冷
消渴,目赤
消渴,胸胁胀
消渴,口苦
目赤,喜冷
目赤,口渴
胸胁胀,喜冷
胸胁胀,口渴
胸胁胀,面赤
喜冷,口苦
抽搐,下肢抽搐
心悸,下肢抽搐
不寐,下肢抽搐
足冷,下肢抽搐
足冷,下肢痛
足冷,四肢痛
足冷,恶寒
足冷,肢体痛
足冷,抽搐
下肢抽搐,下肢痛
下肢抽搐,手冷
下肢抽搐,四肢痛
下肢抽搐,恶寒
下肢抽搐,肢体痛
下肢痛,手冷
下肢痛,四肢痛
下肢痛,恶寒
下肢痛,肢体痛
下肢痛,抽搐
手冷,四肢痛
手冷,恶寒
手冷,肢体痛
手冷,抽搐
四肢痛,恶寒
四肢痛,肢体痛
四肢痛,抽搐
恶寒,抽搐
肢体痛,抽搐
情绪不稳,心腹胀满
情绪不稳,胸膈痞满
情绪不稳,呼吸急促
呼吸困难,胸痛
呼吸困难,不寐
呼吸困难,心腹胀满
呼吸困难,尿黄
呼吸困难,尿短
呼吸困难,便秘
胸痛,心腹胀满
胸痛,胸膈痞满
胸痛,口渴
胸痛,呼吸急促
胸痛,尿短
胸痛,便秘
不寐,心腹胀满
不寐,胸膈痞满
不寐,尿短
心腹胀满,烦躁
心腹胀满,胸膈痞满
心腹胀满,口渴
心腹胀满,呼吸急促
心腹胀满,尿黄
心腹胀满,尿短
心腹胀满,便秘
烦躁,胸膈痞满
烦躁,呼吸急促
胸膈痞满,口渴
胸膈痞满,呼吸急促
胸膈痞满,尿黄
胸膈痞满,尿短
胸膈痞满,便秘
呼吸急促,尿黄
呼吸急促,尿短
呼吸急促,便秘
呼吸困难,胁胀
呼吸困难,胁痛
呼吸困难,善太息
呼吸困难,胸闷
胸痛,胁胀
胸痛,善太息
胸痛,胸闷
胁胀,心腹胀满
胁痛,心腹胀满
心腹胀满,善太息
心腹胀满,胸闷
善太息,胸闷
头昏沉,呼吸困难
头昏沉,心腹胀满
头昏沉,下肢无力
呼吸困难,嗜卧
呼吸困难,下肢无力
嗜卧,心腹胀满
嗜卧,下肢无力
心腹胀满,下肢无力
心腹胀满,头晕
心腹胀满,乏力
心腹胀满,纳差
头昏沉,小便不通
头昏沉,呼吸急促
头昏沉,尿不利
头昏沉,腹胀
昏迷,小便不通
昏迷,乏力
昏迷,尿不利
昏迷,腹胀
视力受损,小便不通
视力受损,尿不利
视力受损,腹胀
小便不通,呼吸急促
小便不通,乏力
小便不通,尿不利
小便不通,腹胀
小便不通,心悸
小便不通,视物模糊
小便不通,意识障碍
呼吸急促,尿不利
乏力,尿不利
尿不利,心悸
尿不利,视物模糊
尿不利,意识障碍
腹胀,视物模糊
恶寒,疮疡
尿黄,疮疡
发热,疮疡
便秘,疮疡
皮疹,遇冷加重
皮疹,遇风加重
皮疹,恶寒
遇冷加重,遇风加重
遇冷加重,头痛
遇冷加重,恶寒
遇冷加重,发热
遇冷加重,皮肤瘙痒
遇风加重,头痛
遇风加重,恶寒
遇风加重,发热
遇风加重,皮肤瘙痒
浮肿,小便不通
浮肿,尿频
腰酸,小便不通
腰酸,恶寒
腰酸,尿频
小便不通,下肢无力
小便不通,头晕
小便不通,恶寒
小便不通,尿频
小便不通,面暗
下肢无力,恶寒
下肢无力,尿频
头晕,恶寒
头晕,尿频
头晕,面暗
恶寒,尿频
恶寒,面暗
乏力,尿频
尿频,面暗
尿频,腹胀
情绪不稳,小便不通
腹痛,小便不通
胁胀,小便不通
胁胀,尿不利
烦躁,小便不通
善太息,小便不通
善太息,尿不利
小便不通,胸闷
头昏沉,腹泻
头昏沉,尿黄
头昏沉,便秘
腹泻,视力受损
腹泻,小便不通
腹泻,尿黄
腹泻,尿短
腹泻,便秘
腹泻,视物模糊
视力受损,尿黄
视力受损,尿短
视力受损,便秘
小便不通,尿黄
小便不通,尿短
小便不通,便秘
尿黄,视物模糊
尿短,腹胀
尿短,视物模糊
便秘,视物模糊
口疮,尿痛
口疮,喜冷
口疮,尿急
口疮,尿频
口疮,口苦
尿痛,喜冷
尿痛,口渴
尿痛,尿急
尿痛,便秘
尿痛,口苦
喜冷,尿急
喜冷,尿频
口渴,尿急
口渴,尿频
尿急,尿频
尿急,便秘
尿急,口苦
尿频,便秘
尿频,口苦
情绪不稳,消瘦
情绪不稳,尿痛
情绪不稳,尿频
咽干,消瘦
咽干,尿痛
咽干,尿频
咽干,尿不利
消瘦,尿痛
消瘦,烦躁
消瘦,口渴
消瘦,面赤
消瘦,尿频
消瘦,尿不利
尿痛,烦躁
尿痛,面赤
尿痛,尿不利
烦躁,尿频
面赤,尿频
面赤,尿不利
尿频,尿不利
情绪不稳,大便不爽
不喜饮,大便不爽
不喜饮,尿痛
不喜饮,乏力
不喜饮,面黄
不喜饮,口苦
大便不爽,尿痛
大便不爽,烦躁
大便不爽,口渴
大便不爽,乏力
大便不爽,面黄
大便不爽,口苦
尿痛,乏力
尿痛,面黄
口渴,面黄
乏力,口苦
尿痛,尿失禁
尿痛,腹胀
尿失禁,乏力
尿失禁,尿不利
尿失禁,腹胀
口疮,情绪不稳
口疮,烦躁
口疮,尿热
口疮,尿血
情绪不稳,尿热
情绪不稳,尿血
不寐,尿热
不寐,尿血
烦躁,尿热
烦躁,尿血
尿热,口渴
尿热,尿黄
尿热,尿血
口渴,尿血
尿黄,尿血
腰酸,尿血
耳鸣,下肢无力
耳鸣,乏力
耳鸣,尿血
视力受损,下肢无力
视力受损,尿血
下肢无力,尿血
下肢无力,视物模糊
头晕,尿血
乏力,尿血
尿血,视物模糊
胸痛,发热
胸痛,纳差
胸痛,尿血
善太息,乳房痛
善太息,口渴
善太息,乳房胀
善太息,发热
善太息,纳差
善太息,尿血
胁痛,口渴
胁痛,尿血
乳房痛,口渴
乳房痛,发热
乳房痛,尿血
口渴,乳房胀
乳房胀,发热
乳房胀,尿血
发热,尿血
纳差,尿血
情绪不稳,面色不荣
烦躁,面色不荣
浮肿,胎水过多
浮肿,不能平卧
浮肿,腹大
浮肿,气喘
浮肿,胎浮肿满
胎水过多,尿少
胎水过多,不能平卧
胎水过多,腹大
胎水过多,尿短
胎水过多,气喘
胎水过多,胸闷
胎水过多,胎浮肿满
尿少,不能平卧
尿少,腹大
尿少,气喘
尿少,胎浮肿满
不能平卧,腹大
不能平卧,尿短
不能平卧,气喘
不能平卧,胸闷
不能平卧,胎浮肿满
腹大,尿短
腹大,气喘
腹大,胸闷
腹大,胎浮肿满
尿短,胎浮肿满
气喘,胸闷
气喘,胎浮肿满
胸闷,胎浮肿满
呼吸困难,浮肿
呼吸困难,腰痛
呼吸困难,胎水过多
呼吸困难,肢冷
呼吸困难,腹大
呼吸困难,恶寒
呼吸困难,面暗
呼吸困难,肢体痛
呼吸困难,面黄
呼吸困难,胎浮肿满
呼吸困难,膝软
呼吸困难,便溏
浮肿,腰痛
浮肿,肢体痛
浮肿,膝软
腰痛,胎水过多
腰痛,腹大
腰痛,恶寒
腰痛,面暗
腰痛,面黄
腰痛,胎浮肿满
腰痛,膝软
腰痛,便溏
胎水过多,肢冷
胎水过多,恶寒
胎水过多,面暗
胎水过多,肢体痛
胎水过多,面黄
胎水过多,心悸
胎水过多,膝软
胎水过多,便溏
肢冷,腹大
肢冷,面黄
肢冷,心悸
肢冷,胎浮肿满
肢冷,膝软
腹大,恶寒
腹大,面暗
腹大,肢体痛
腹大,面黄
腹大,心悸
腹大,膝软
腹大,便溏
恶寒,胎浮肿满
恶寒,膝软
面暗,肢体痛
面暗,面黄
面暗,胎浮肿满
面暗,膝软
肢体痛,面黄
肢体痛,胎浮肿满
肢体痛,膝软
肢体痛,便溏
面黄,胎浮肿满
面黄,膝软
心悸,胎浮肿满
心悸,膝软
胎浮肿满,膝软
胎浮肿满,便溏
膝软,便溏
腹痛,不喜饮
腹痛,视力受损
腹痛,视物模糊
不喜饮,视力受损
不喜饮,头晕
不喜饮,心悸
不喜饮,视物模糊
心悸,不耐劳作
腹痛,不耐劳作
腹痛,呼吸急促
不耐劳作,呼吸急促
口淡,头痛
口淡,恶寒
口淡,发热
口淡,肢体痛
腹痛,头痛
发热,肢体痛
纳差,肢体痛
情绪不稳,性急
腹痛,性急
性急,胁胀
性急,胁痛
性急,烦躁
性急,嗳气
性急,纳差
性急,胸闷
阴道出血,呼吸急促
阴道出血,恶寒
阴道出血,乏力
阴道出血,胎漏
阴道出血,便溏
阴道出血,面白
呼吸急促,胎漏
恶寒,胎漏
恶寒,面白
乏力,胎漏
胎漏,便溏
胎漏,面白
阴道出血,不寐
阴道出血,视力受损
阴道出血,头晕
阴道出血,便秘
阴道出血,面黄
阴道出血,心悸
阴道出血,视物模糊
不寐,胎漏
视力受损,胎漏
头晕,胎漏
胎漏,便秘
胎漏,面黄
胎漏,心悸
胎漏,视物模糊
便秘,面黄
便秘,心悸
阴道出血,耳鸣
阴道出血,下肢无力
阴道出血,尿频
耳鸣,胎漏
耳鸣,尿频
下肢无力,胎漏
胎漏,尿频
牙龈出血,汗出
牙龈出血,皮肤色青
牙龈出血,便血
牙龈出血,鼻衄
牙龈出血,发热
牙龈出血,尿血
汗出,皮肤色青
汗出,便血
汗出,便秘
汗出,尿血
皮肤色青,便血
皮肤色青,口渴
皮肤色青,鼻衄
皮肤色青,发热
皮肤色青,便秘
皮肤色青,尿血
便血,口渴
便血,鼻衄
便血,发热
便血,尿血
鼻衄,便秘
鼻衄,尿血
便秘,尿血
情绪不稳,阴道出血
情绪不稳,月经色红
情绪不稳,少津
情绪不稳,胎漏
阴道出血,唇色红
阴道出血,烦躁
阴道出血,月经色红
阴道出血,少津
阴道出血,尿黄
阴道出血,面赤
阴道出血,尿短
不寐,月经色红
不寐,少津
唇色红,月经色红
唇色红,少津
唇色红,胎漏
唇色红,尿短
烦躁,月经色红
烦躁,少津
烦躁,胎漏
月经色红,少津
月经色红,尿黄
月经色红,面赤
月经色红,胎漏
月经色红,尿短
月经色红,便秘
少津,尿黄
少津,面赤
少津,胎漏
少津,尿短
少津,便秘
尿黄,胎漏
面赤,胎漏
面赤,尿短
胎漏,尿短
咽干,阴道出血
咽干,饮少
咽干,胎漏
咽干,掌心热
阴道出血,口渴
阴道出血,饮少
阴道出血,发热
阴道出血,掌心热
不寐,饮少
不寐,掌心热
口渴,饮少
口渴,胎漏
口渴,掌心热
头晕,饮少
头晕,掌心热
饮少,面赤
饮少,胎漏
饮少,发热
饮少,心悸
饮少,掌心热
面赤,掌心热
胎漏,发热
胎漏,掌心热
发热,掌心热
心悸,掌心热
腹痛,胎动不安
腹痛,阴道出血
腹痛,少言
腰酸,胎动不安
腰酸,阴道出血
腰酸,月经清稀
胎动不安,阴道出血
胎动不安,月经清稀
胎动不安,月经色淡
胎动不安,呼吸急促
胎动不安,恶寒
胎动不安,乏力
胎动不安,便溏
胎动不安,少言
胎动不安,面白
阴道出血,月经清稀
阴道出血,月经色淡
阴道出血,少言
月经清稀,呼吸急促
月经清稀,恶寒
月经清稀,便溏
月经清稀,少言
月经色淡,恶寒
恶寒,少言
阴道出血,皮肤干燥
腹痛,皮肤干燥
腰酸,皮肤干燥
腰酸,面黄
胎动不安,头晕
胎动不安,皮肤干燥
胎动不安,面黄
胎动不安,心悸
腹痛,足冷
腹痛,手冷
腹痛,尿失禁
腰酸,足冷
腰酸,手冷
胎动不安,足冷
胎动不安,手冷
胎动不安,下肢无力
胎动不安,尿失禁
胎动不安,尿频
胎动不安,肢体痛
胎动不安,腰痛
阴道出血,足冷
阴道出血,手冷
阴道出血,尿失禁
阴道出血,肢体痛
阴道出血,腰痛
足冷,下肢无力
足冷,尿失禁
足冷,尿频
足冷,腰痛
手冷,下肢无力
手冷,尿失禁
手冷,尿频
手冷,腰痛
下肢无力,尿失禁
下肢无力,肢体痛
下肢无力,腰痛
尿失禁,尿频
尿失禁,肢体痛
尿失禁,腰痛
尿频,肢体痛
尿频,腰痛
咽干,胎动不安
腹痛,喜冷
阴道出血,喜冷
胎动不安,喜冷
胎动不安,口渴
胎动不安,尿黄
胎动不安,尿短
胎动不安,便秘
喜冷,尿短
情绪不稳,胎动不安
情绪不稳,腰瘦
阴道出血,胁痛
阴道出血,抑郁
阴道出血,嗳气
阴道出血,腰瘦
阴道出血,纳差
阴道出血,腹胀
腹痛,腰瘦
胎动不安,胁痛
胎动不安,抑郁
胎动不安,烦躁
胎动不安,嗳气
胎动不安,腰瘦
胎动不安,纳差
胎动不安,腹胀
胁痛,腰瘦
抑郁,嗳气
抑郁,腰瘦
抑郁,腹胀
烦躁,腰瘦
嗳气,腰瘦
嗳气,腹胀
腰瘦,纳差
腰瘦,腹胀
劳力过度,腹痛
劳力过度,胎动不安
劳力过度,便血
劳力过度,下肢痛
劳力过度,胎坠
劳力过度,乏力
劳力过度,肢体痛
劳力过度,腹胀
劳力过度,四肢痛
劳力过度,腰痛
腹痛,便血
腹痛,下肢痛
腹痛,胎坠
腹痛,四肢痛
胎动不安,便血
胎动不安,下肢痛
胎动不安,胎坠
胎动不安,四肢痛
便血,下肢痛
便血,胎坠
便血,肢体痛
便血,腹胀
便血,四肢痛
便血,腰痛
下肢痛,胎坠
下肢痛,乏力
下肢痛,腹胀
下肢痛,腰痛
胎坠,乏力
胎坠,肢体痛
胎坠,腹胀
胎坠,四肢痛
胎坠,腰痛
乏力,肢体痛
乏力,四肢痛
乏力,腰痛
腹胀,四肢痛
四肢痛,腰痛
阴道出血,滑胎
阴道出血,屡孕屡堕
阴道出血,膝软
腹痛,滑胎
腹痛,屡孕屡堕
腹痛,膝软
耳鸣,腹胀
耳鸣,滑胎
耳鸣,腰瘦
耳鸣,屡孕屡堕
耳鸣,膝软
腹胀,滑胎
腹胀,屡孕屡堕
腹胀,膝软
滑胎,头晕
滑胎,腰瘦
滑胎,乏力
滑胎,尿频
滑胎,屡孕屡堕
滑胎,膝软
头晕,腰瘦
头晕,屡孕屡堕
头晕,膝软
腰瘦,乏力
腰瘦,尿频
腰瘦,屡孕屡堕
腰瘦,膝软
乏力,屡孕屡堕
乏力,膝软
尿频,屡孕屡堕
尿频,膝软
屡孕屡堕,膝软
情绪不稳,牙龈出血
情绪不稳,皮肤色青
情绪不稳,盗汗
手足发热,牙龈出血
手足发热,汗出
手足发热,皮肤色青
手足发热,盗汗
手足发热,月经过多
牙龈出血,烦躁
牙龈出血,面赤
牙龈出血,盗汗
牙龈出血,月经过多
汗出,月经过多
皮肤色青,烦躁
皮肤色青,面赤
皮肤色青,盗汗
皮肤色青,月经过多
烦躁,盗汗
口渴,盗汗
鼻衄,盗汗
鼻衄,月经过多
面赤,月经过多
发热,月经过多
盗汗,月经过多
滑胎,视力受损
滑胎,呼吸急促
滑胎,心悸
滑胎,视物模糊
滑胎,面白
阴道出血,不喜饮
不喜饮,滑胎
不喜饮,腰瘦
不喜饮,屡孕屡堕
滑胎,口渴
口渴,腰瘦
口渴,屡孕屡堕
阴道出血,喜饮
阴道出血,消瘦
阴道出血,面色不荣
喜饮,滑胎
喜饮,消瘦
喜饮,面赤
喜饮,面色不荣
喜饮,发热
喜饮,肢体痛
喜饮,腰痛
滑胎,消瘦
滑胎,面赤
滑胎,面色不荣
滑胎,发热
滑胎,肢体痛
滑胎,腰痛
消瘦,肢体痛
消瘦,腰痛
口渴,面色不荣
口渴,肢体痛
口渴,腰痛
面赤,面色不荣
面色不荣,发热
面色不荣,肢体痛
面色不荣,腰痛
发热,腰痛
足冷,耳鸣
足冷,头晕
足冷,胎萎不长
足冷,形寒
腰酸,胎萎不长
耳鸣,手冷
耳鸣,恶寒
耳鸣,胎萎不长
耳鸣,形寒
手冷,头晕
手冷,胎萎不长
手冷,形寒
头晕,胎萎不长
头晕,形寒
恶寒,胎萎不长
恶寒,形寒
乏力,胎萎不长
胎萎不长,形寒
少言,胎萎不长
视力受损,胎萎不长
呼吸急促,胎萎不长
胎萎不长,面黄
胎萎不长,心悸
胎萎不长,视物模糊
胎萎不长,面白
情绪不稳,喜饮
情绪不稳,胎萎不长
咽干,手足发热
咽干,喜饮
咽干,唇色红
咽干,胎萎不长
手足发热,喜饮
手足发热,胎萎不长
喜饮,唇色红
喜饮,烦躁
喜饮,胎萎不长
唇色红,胎萎不长
烦躁,胎萎不长
面赤,胎萎不长
胎萎不长,发热
腹痛,肌肤甲错
腹痛,胎萎不长
不喜饮,胸胁胀
不喜饮,肌肤甲错
不喜饮,胎萎不长
不喜饮,皮肤干燥
胸胁胀,肌肤甲错
胸胁胀,胎萎不长
胸胁胀,皮肤干燥
肌肤甲错,口渴
肌肤甲错,胎萎不长
肌肤甲错,皮肤干燥
口渴,胎萎不长
口渴,皮肤干燥
胎萎不长,皮肤干燥
腹痛,胎死不下
阴道出血,胎死不下
胎死不下,月经清稀
胎死不下,月经色淡
胎死不下,视力受损
胎死不下,呼吸急促
胎死不下,头晕
胎死不下,乏力
胎死不下,心悸
胎死不下,视物模糊
胎死不下,面白
月经清稀,视力受损
月经清稀,视物模糊
月经色淡,视力受损
月经色淡,视物模糊
阴道出血,肌肤甲错
胎死不下,肌肤甲错
胎死不下,皮肤干燥
恶心,阴道出血
恶心,胎死不下
恶心,肢冷
恶心,阴道流黄汁
恶心,嗜睡
浮肿,阴道出血
浮肿,胎死不下
浮肿,阴道流黄汁
浮肿,嗜睡
腹痛,意识障碍
腹痛,阴道流黄汁
腹痛,嗜睡
阴道出血,肢冷
阴道出血,胸闷
阴道出血,意识障碍
阴道出血,阴道流黄汁
阴道出血,嗜睡
胎死不下,肢冷
胎死不下,恶寒
胎死不下,胸闷
胎死不下,便溏
胎死不下,意识障碍
胎死不下,阴道流黄汁
胎死不下,嗜睡
肢冷,胸闷
肢冷,意识障碍
肢冷,阴道流黄汁
肢冷,嗜睡
恶寒,胸闷
恶寒,阴道流黄汁
恶寒,嗜睡
乏力,阴道流黄汁
胸闷,阴道流黄汁
胸闷,嗜睡
便溏,意识障碍
便溏,阴道流黄汁
便溏,嗜睡
意识障碍,阴道流黄汁
阴道流黄汁,嗜睡
汗出,视力受损
汗出,乏力
汗出,视物模糊
汗出,面白
呼吸困难,腹痛
呼吸困难,面青
呼吸困难,消瘦
呼吸困难,胎位不正
呼吸困难,腹胀
胸痛,面青
胸痛,消瘦
胸痛,胎位不正
胸痛,腹胀
腹痛,胎位不正
面青,消瘦
面青,胎位不正
面青,胸闷
面青,腹胀
消瘦,胎位不正
消瘦,胸闷
胎位不正,胸闷
胎位不正,腹胀
浮肿,肥胖
浮肿,肌肉松弛
浮肿,胎位不正
浮肿,不耐劳作
肥胖,肌肉松弛
肥胖,脘痞
肥胖,胎位不正
肥胖,乏力
肥胖,纳差
肥胖,不耐劳作
肌肉松弛,脘痞
肌肉松弛,胎位不正
肌肉松弛,乏力
肌肉松弛,纳差
肌肉松弛,不耐劳作
脘痞,胎位不正
脘痞,不耐劳作
胎位不正,乏力
胎位不正,纳差
胎位不正,不耐劳作
乏力,不耐劳作
纳差,不耐劳作
少气,肥胖
少气,胎位不正
少气,面白
肥胖,消瘦
肥胖,面白
消瘦,面白
胎位不正,面白
过期不产,延期妊娠
过期不产,视力受损
过期不产,呼吸急促
过期不产,头晕
过期不产,乏力
过期不产,心悸
过期不产,视物模糊
过期不产,面白
延期妊娠,视力受损
延期妊娠,呼吸急促
延期妊娠,头晕
延期妊娠,乏力
延期妊娠,心悸
延期妊娠,视物模糊
延期妊娠,面白
情绪不稳,过期不产
情绪不稳,延期妊娠
过期不产,脘痞
过期不产,烦躁
过期不产,胸闷
脘痞,延期妊娠
延期妊娠,烦躁
延期妊娠,胸闷
阴道出血,腹大
腹痛,腹大
视力受损,腹大
呼吸急促,腹大
腹大,头晕
腹大,乏力
腹大,视物模糊
腹大,面白
情绪不稳,腹大
胸痛,阴道出血
胸痛,胸胁胀
胸痛,腹大
阴道出血,胸胁胀
胸胁胀,腹大
烦躁,腹大
阴道出血,月经过少
阴道出血,形寒
腹大,月经过少
腹大,形寒
恶心,月经过少
恶心,肥胖
恶心,咳嗽
恶心,咳痰
恶心,腹大
月经过少,肥胖
月经过少,脘痞
月经过少,咳痰
阴道出血,肥胖
阴道出血,脘痞
阴道出血,咳嗽
阴道出血,咳痰
肥胖,咳嗽
肥胖,咳痰
肥胖,腹大
肥胖,胸闷
脘痞,腹大
咳嗽,腹大
咳痰,腹大
咽干,皮疹
咽干,谵语
咽干,昏迷
咽干,皮肤斑块
咽干,发斑
咽干,抽搐
咽干,意识障碍
情绪不稳,昏迷
情绪不稳,发斑
呕血,皮疹
呕血,谵语
呕血,昏迷
呕血,皮肤斑块
呕血,发斑
呕血,尿短
呕血,抽搐
呕血,意识障碍
呕血,便溏
不寐,谵语
不寐,昏迷
不寐,皮肤斑块
不寐,发斑
皮疹,昏迷
皮疹,发斑
皮疹,便溏
谵语,昏迷
谵语,口渴
谵语,尿黄
谵语,发斑
谵语,尿短
谵语,便秘
谵语,意识障碍
谵语,便溏
昏迷,烦躁
昏迷,口渴
昏迷,皮肤斑块
昏迷,发斑
昏迷,便溏
烦躁,发斑
口渴,皮肤斑块
口渴,发斑
口渴,抽搐
口渴,便溏
皮肤斑块,尿黄
皮肤斑块,发斑
皮肤斑块,尿短
皮肤斑块,便秘
皮肤斑块,意识障碍
皮肤斑块,便溏
尿黄,发斑
尿黄,抽搐
发斑,尿短
发斑,发热
发斑,便秘
发斑,抽搐
发斑,意识障碍
发斑,便溏
尿短,抽搐
发热,便溏
便秘,便溏
抽搐,便溏
情绪不稳,血压下降
情绪不稳,肩痛
情绪不稳,神情呆滞
情绪不稳,肢冷
情绪不稳,冷汗
情绪不稳,血压不稳定
情绪不稳,腹腔出血
情绪不稳,休克
情绪不稳,面白
恶心,血压下降
恶心,肩痛
恶心,冷汗
恶心,血压不稳定
恶心,腹腔出血
恶心,肢体痛
恶心,休克
血压下降,汗出
血压下降,肩痛
血压下降,昏迷
血压下降,烦躁
血压下降,神情呆滞
血压下降,肢冷
血压下降,冷汗
血压下降,呕吐
血压下降,血压不稳定
血压下降,腹腔出血
血压下降,肢体痛
血压下降,休克
血压下降,意识障碍
血压下降,面白
汗出,肩痛
汗出,昏迷
汗出,肢冷
汗出,冷汗
汗出,呕吐
汗出,血压不稳定
汗出,腹腔出血
汗出,肢体痛
汗出,休克
汗出,意识障碍
肩痛,昏迷
肩痛,烦躁
肩痛,神情呆滞
肩痛,肢冷
肩痛,冷汗
肩痛,呕吐
肩痛,血压不稳定
肩痛,腹腔出血
肩痛,肢体痛
肩痛,休克
肩痛,意识障碍
肩痛,面白
昏迷,神情呆滞
昏迷,肢冷
昏迷,冷汗
昏迷,呕吐
昏迷,血压不稳定
昏迷,腹腔出血
昏迷,肢体痛
昏迷,休克
昏迷,面白
烦躁,神情呆滞
烦躁,肢冷
烦躁,冷汗
烦躁,血压不稳定
烦躁,腹腔出血
烦躁,休克
烦躁,面白
神情呆滞,肢冷
神情呆滞,冷汗
神情呆滞,呕吐
神情呆滞,血压不稳定
神情呆滞,腹腔出血
神情呆滞,肢体痛
神情呆滞,休克
神情呆滞,意识障碍
神情呆滞,面白
肢冷,冷汗
肢冷,血压不稳定
肢冷,腹腔出血
肢冷,休克
冷汗,呕吐
冷汗,血压不稳定
冷汗,腹腔出血
冷汗,肢体痛
冷汗,休克
冷汗,意识障碍
冷汗,面白
呕吐,血压不稳定
呕吐,腹腔出血
呕吐,肢体痛
呕吐,休克
血压不稳定,腹腔出血
血压不稳定,肢体痛
血压不稳定,休克
血压不稳定,意识障碍
血压不稳定,面白
腹腔出血,肢体痛
腹腔出血,休克
腹腔出血,意识障碍
腹腔出血,面白
肢体痛,休克
肢体痛,意识障碍
肢体痛,面白
休克,意识障碍
休克,面白
意识障碍,面白
腹痛,腹部拒按
腹痛,输卵管妊娠破损
腹痛,腹腔出血
腹痛,肢软
腹痛,休克
阴道出血,腹部拒按
阴道出血,输卵管妊娠破损
阴道出血,腹腔出血
阴道出血,肢软
阴道出血,休克
腹部拒按,头晕
腹部拒按,乏力
腹部拒按,输卵管妊娠破损
腹部拒按,腹腔出血
腹部拒按,肢软
腹部拒按,休克
腹部拒按,面白
头晕,输卵管妊娠破损
头晕,腹腔出血
头晕,休克
乏力,输卵管妊娠破损
乏力,腹腔出血
乏力,休克
输卵管妊娠破损,腹腔出血
输卵管妊娠破损,肢软
输卵管妊娠破损,休克
输卵管妊娠破损,面白
腹腔出血,肢软
肢软,休克
肢软,面白
腹部肿块,阴道出血
腹部肿块,肩痛
腹部肿块,输卵管妊娠破损
腹部肿块,腹腔出血
腹部肿块,肢体痛
阴道出血,肩痛
肩痛,输卵管妊娠破损
输卵管妊娠破损,肢体痛
阴道干涩,呼吸急促
阴道干涩,乏力
阴道干涩,心悸
阴道干涩,胞衣先破
阴道干涩,面白
呼吸急促,胞衣先破
乏力,胞衣先破
心悸,胞衣先破
胞衣先破,面白
情绪不稳,面紫
情绪不稳,胞衣先破
情绪不稳,阴道干涩
恶心,面紫
恶心,胞衣先破
恶心,阴道干涩
烦躁,面紫
烦躁,胞衣先破
烦躁,阴道干涩
面紫,胸闷
面紫,腹胀
面紫,胞衣先破
面紫,阴道干涩
胸闷,胞衣先破
胸闷,阴道干涩
腹胀,胞衣先破
腹胀,阴道干涩
呼吸急促,难产
乏力,难产
难产,心悸
难产,面白
情绪不稳,情绪紧张
情绪不稳,难产
恶心,情绪紧张
恶心,难产
恶心,腰痛
腹痛,情绪紧张
腹痛,难产
情绪紧张,烦躁
情绪紧张,难产
情绪紧张,肢体痛
情绪紧张,胸闷
情绪紧张,腹胀
情绪紧张,腰痛
烦躁,难产
难产,肢体痛
难产,胸闷
难产,腹胀
难产,腰痛
肢体痛,胸闷
胸闷,腰痛
目眩,阴道出血
目眩,唇色暗
目眩,唇甲发绀
目眩,腹胀
目眩,胞衣不下
目眩,面白
阴道出血,唇色暗
阴道出血,唇甲发绀
阴道出血,胞衣不下
呼吸急促,唇色暗
呼吸急促,唇甲发绀
呼吸急促,胞衣不下
唇色暗,唇甲发绀
唇色暗,腹胀
唇色暗,心悸
唇色暗,胞衣不下
唇色暗,面白
唇甲发绀,腹胀
唇甲发绀,心悸
唇甲发绀,胞衣不下
唇甲发绀,面白
腹胀,胞衣不下
心悸,胞衣不下
胞衣不下,面白
阴道出血,面紫
腹痛,面紫
腹痛,胞衣不下
面紫,胞衣不下
咽干,牙龈出血
咽干,鼻衄
牙龈出血,皮疹
牙龈出血,耳鸣
牙龈出血,头晕
牙龈出血,发斑
手足发热,皮疹
手足发热,发斑
汗出,皮疹
汗出,发斑
皮疹,耳鸣
皮疹,鼻衄
皮疹,盗汗
耳鸣,发斑
鼻衄,发斑
头晕,发斑
发斑,盗汗
阴道出血,面青
面青,腹部拒按
面青,胞衣不下
面青,形寒
肢冷,腹部拒按
肢冷,胞衣不下
腹部拒按,胞衣不下
腹部拒按,形寒
胞衣不下,形寒
腹痛,恶露量少
腹痛,腰部坠胀
腹痛,腹软
腹痛,腹部喜按
腹痛,恶露色淡
恶露量少,腰部坠胀
恶露量少,腹软
恶露量少,腹部喜按
恶露量少,头晕
恶露量少,心悸
恶露量少,恶露色淡
腰部坠胀,腹软
腰部坠胀,腹部喜按
腰部坠胀,头晕
腰部坠胀,心悸
腰部坠胀,恶露色淡
腹软,腹部喜按
腹软,头晕
腹软,心悸
腹软,恶露色淡
腹部喜按,头晕
腹部喜按,心悸
腹部喜按,恶露色淡
头晕,恶露色淡
心悸,恶露色淡
腹痛,恶露不畅
恶露量少,恶露不畅
腹痛,抽搐
足冷,面青
足冷,腹部拒按
足冷,恶露不畅
面青,手冷
面青,抽搐
面青,恶露不畅
手冷,腹部拒按
手冷,恶露不畅
腹部拒按,抽搐
腹部拒按,恶露不畅
抽搐,恶露不畅
恶露量少,脘痞
恶露量少,胁胀
恶露量少,纳差
脘痞,胁胀
恶露量少,腹部拒按
恶露量少,肢冷
恶露量少,恶露骤止
恶露量少,耳鸣
恶露量少,呼吸急促
恶露量少,乏力
恶露量少,腹胀
恶露骤止,耳鸣
恶露骤止,呼吸急促
恶露骤止,头晕
恶露骤止,乏力
恶露骤止,腹胀
恶露骤止,心悸
汗出,恶露不断
恶寒,恶露不断
乏力,恶露不断
腹胀,恶露不断
腹痛,恶露不断
气怯,皮疹
气怯,腹胀
气怯,月经色淡
气怯,皮肤斑块
气怯,发斑
气怯,纳差
气怯,面黄
气怯,便溏
气怯,月经过多
皮疹,腹胀
皮疹,月经色淡
皮疹,月经过多
腹胀,皮肤斑块
腹胀,发斑
月经色淡,皮肤斑块
月经色淡,发斑
皮肤斑块,乏力
皮肤斑块,纳差
皮肤斑块,面黄
皮肤斑块,月经过多
发斑,乏力
发斑,纳差
发斑,面黄
发斑,月经过多
面黄,月经过多
咽干,白带稠
咽干,腹部拒按
咽干,恶露不断
白带稠,口渴
白带稠,腹部拒按
白带稠,发热
白带稠,恶露不断
口渴,腹部拒按
口渴,恶露不断
腹部拒按,发热
腹部拒按,恶露不断
发热,恶露不断
腰酸,盗汗
腰酸,恶露不断
耳鸣,恶露不断
头晕,恶露不断
盗汗,恶露不断
目眩,汗出
目眩,出血
目眩,肢冷
出血,视力受损
出血,肢冷
出血,心悸
出血,视物模糊
视力受损,肢冷
肢冷,头晕
肢冷,视物模糊
阴道出血,经行有块
阴道出血,出血
腹痛,经行有块
经行有块,出血
经行有块,腹部拒按
出血,腹部拒按
恶心,手撒
恶心,目闭
恶心,口开不合
恶心,恶露量多
汗出,手撒
汗出,目闭
汗出,口开不合
汗出,恶露量多
汗出,胸闷
汗出,眩晕
手撒,目闭
手撒,昏迷
手撒,口开不合
手撒,肢冷
手撒,冷汗
手撒,呕吐
手撒,恶露量多
手撒,意识障碍
手撒,胸闷
手撒,心悸
手撒,眩晕
手撒,面白
目闭,昏迷
目闭,口开不合
目闭,肢冷
目闭,冷汗
目闭,呕吐
目闭,恶露量多
目闭,意识障碍
目闭,胸闷
目闭,心悸
目闭,眩晕
目闭,面白
昏迷,口开不合
昏迷,恶露量多
昏迷,眩晕
口开不合,肢冷
口开不合,冷汗
口开不合,呕吐
口开不合,恶露量多
口开不合,意识障碍
口开不合,胸闷
口开不合,心悸
口开不合,眩晕
口开不合,面白
肢冷,恶露量多
肢冷,眩晕
冷汗,恶露量多
冷汗,胸闷
冷汗,心悸
冷汗,眩晕
呕吐,恶露量多
呕吐,眩晕
恶露量多,意识障碍
恶露量多,胸闷
恶露量多,心悸
恶露量多,眩晕
恶露量多,面白
意识障碍,眩晕
胸闷,心悸
胸闷,面白
腹痛,气粗
腹痛,咳嗽
腹痛,口噤
腹痛,咳痰
腹痛,昏迷
腹痛,气喘
腹痛,眩晕
腹痛,心下满
恶露量少,气粗
恶露量少,咳嗽
恶露量少,口噤
恶露量少,咳痰
恶露量少,昏迷
恶露量少,面紫
恶露量少,气喘
恶露量少,意识障碍
恶露量少,眩晕
恶露量少,心下满
气粗,咳嗽
气粗,口噤
气粗,咳痰
气粗,昏迷
气粗,腹部拒按
气粗,面紫
气粗,气喘
气粗,意识障碍
气粗,眩晕
气粗,心下满
咳嗽,口噤
咳嗽,昏迷
咳嗽,腹部拒按
咳嗽,面紫
咳嗽,气喘
咳嗽,意识障碍
咳嗽,眩晕
咳嗽,心下满
口噤,咳痰
口噤,昏迷
口噤,腹部拒按
口噤,面紫
口噤,气喘
口噤,意识障碍
口噤,眩晕
口噤,心下满
咳痰,昏迷
咳痰,腹部拒按
咳痰,面紫
咳痰,气喘
咳痰,意识障碍
咳痰,眩晕
咳痰,心下满
昏迷,腹部拒按
昏迷,面紫
昏迷,心下满
腹部拒按,面紫
腹部拒按,气喘
腹部拒按,意识障碍
腹部拒按,眩晕
腹部拒按,心下满
面紫,气喘
面紫,意识障碍
面紫,眩晕
面紫,心下满
气喘,眩晕
气喘,心下满
意识障碍,心下满
眩晕,心下满
足冷,汗出
汗出,手冷
不喜饮,腰酸
不喜饮,耳鸣
不喜饮,面赤
不喜饮,盗汗
腰酸,口渴
腰酸,面赤
汗出,不渴
腰酸,自汗
腰酸,头痛
腰酸,不渴
自汗,口渴
自汗,不渴
自汗,肢体痛
口渴,不渴
头痛,不渴
恶寒,不渴
发热,不渴
不渴,肢体痛
腹痛,汗出
腹痛,饮少
腹痛,恶露臭秽
汗出,饮少
汗出,恶露臭秽
口渴,恶露臭秽
头痛,饮少
头痛,恶露臭秽
饮少,恶寒
饮少,恶露臭秽
面赤,恶露臭秽
恶寒,恶露臭秽
发热,恶露臭秽
皮疹,肢冷
皮疹,面浮肿
皮疹,下利
皮疹,尿清
皮疹,面白
便溏,下利
肢冷,发斑
肢冷,面浮肿
肢冷,下利
发斑,面浮肿
发斑,下利
发斑,尿清
发斑,心悸
发斑,面白
面浮肿,下利
面浮肿,尿清
面浮肿,心悸
面浮肿,面白
下利,乏力
下利,纳差
下利,尿清
下利,心悸
下利,面白
乏力,尿清
纳差,尿清
尿清,心悸
汗出,声低
声低,自汗
声低,发热
自汗,视力受损
自汗,头晕
自汗,乏力
自汗,视物模糊
视力受损,发热
发热,视物模糊
不寐,盗汗
视力受损,盗汗
面赤,纳差
纳差,盗汗
盗汗,视物模糊
恶心,大便臭
嗳气,发热
嗳气,大便臭
呕吐,发热
呕吐,大便臭
发热,大便臭
纳差,大便臭
腹胀,大便臭
恶露量少,不喜饮
恶露量少,口渴
恶露量少,发热
不喜饮,腹部拒按
性急,乳房痛
性急,乳房胀
性急,发热
项背僵直,痉症
项背僵直,角弓反张
项背僵直,抽搐
项背僵直,面白
痉症,角弓反张
痉症,抽搐
痉症,面白
角弓反张,抽搐
角弓反张,面白
项背僵直,口噤
项背僵直,无汗
项背僵直,头痛
项背僵直,恶寒
项背僵直,发热
项背僵直,肢体痛
口噤,痉症
口噤,角弓反张
口噤,无汗
口噤,头痛
口噤,恶寒
口噤,发热
口噤,肢体痛
口噤,抽搐
痉症,无汗
痉症,头痛
痉症,恶寒
痉症,发热
痉症,肢体痛
角弓反张,无汗
角弓反张,头痛
角弓反张,恶寒
角弓反张,发热
角弓反张,肢体痛
无汗,抽搐
项背僵直,口唇颤动
项背僵直,苦笑面容
项背僵直,昏迷
项背僵直,颤抖
项背僵直,颈部痛
项背僵直,意识障碍
口唇颤动,苦笑面容
口唇颤动,口噤
口唇颤动,昏迷
口唇颤动,痉症
口唇颤动,角弓反张
口唇颤动,头痛
口唇颤动,恶寒
口唇颤动,颤抖
口唇颤动,发热
口唇颤动,颈部痛
口唇颤动,意识障碍
苦笑面容,口噤
苦笑面容,昏迷
苦笑面容,痉症
苦笑面容,角弓反张
苦笑面容,头痛
苦笑面容,恶寒
苦笑面容,颤抖
苦笑面容,发热
苦笑面容,颈部痛
苦笑面容,意识障碍
口噤,颤抖
口噤,颈部痛
昏迷,痉症
昏迷,角弓反张
昏迷,颤抖
昏迷,颈部痛
痉症,颤抖
痉症,颈部痛
痉症,意识障碍
角弓反张,颤抖
角弓反张,颈部痛
角弓反张,意识障碍
恶寒,颤抖
颤抖,发热
颤抖,颈部痛
颤抖,意识障碍
发热,颈部痛
颈部痛,意识障碍
便秘,自汗
腹胀,自汗
脘痞,口渴
脘痞,尿黄
脘痞,发热
脘痞,便秘
牙龈出血,腹露青筋
牙龈出血,皮肤色红
牙龈出血,面黄
牙龈出血,面黑
呕血,腹露青筋
呕血,皮肤色红
呕血,便血
呕血,面黄
呕血,面黑
腹露青筋,皮肤色红
腹露青筋,皮疹
腹露青筋,便血
腹露青筋,发斑
腹露青筋,面黄
腹露青筋,面黑
皮肤色红,皮疹
皮肤色红,便血
皮肤色红,发斑
皮肤色红,面黄
皮肤色红,面黑
皮疹,便血
皮疹,面黑
便血,发斑
便血,面黄
便血,面黑
发斑,面黑
面黄,面黑
呼吸急促,小便困难
乏力,小便困难
尿不利,少言
尿不利,小便困难
尿不利,面白
腹胀,小便困难
少言,小便困难
小便困难,面白
腰酸,坐卧不安
腰酸,尿不利
腰酸,小便困难
坐卧不安,面暗
坐卧不安,尿不利
坐卧不安,腹胀
坐卧不安,小便困难
面暗,尿不利
面暗,小便困难
腹痛,小便困难
腹痛,胸胁满
抑郁,尿不利
抑郁,小便困难
抑郁,胸胁满
尿不利,胸胁满
小便困难,胸胁满
小便困难,发热
发热,尿不利
呼吸急促,尿频
呼吸急促,尿不尽
下肢无力,少言
下肢无力,尿不尽
尿失禁,少言
尿失禁,尿不尽
尿失禁,面白
尿频,少言
尿频,尿不尽
尿频,面白
腹胀,尿不尽
少言,尿不尽
尿不尽,面白
手足发热,腰酸
手足发热,消瘦
手足发热,尿少
手足发热,尿失禁
手足发热,尿频
消瘦,尿少
消瘦,尿失禁
尿少,尿失禁
尿少,面赤
尿少,尿频
尿失禁,面赤
尿失禁,发热
浮肿,多尿
浮肿,尿失禁
足冷,多尿
足冷,面暗
多尿,手冷
多尿,尿失禁
多尿,乏力
多尿,尿频
多尿,面暗
手冷,面暗
尿失禁,面暗
唇干,尿痛
唇干,欲饮
唇干,口渴
唇干,尿频
唇干,发热
尿痛,欲饮
欲饮,面赤
欲饮,尿频
欲饮,发热
脘痞,肢冷
脘痞,恶寒
汗出,皮下结节
汗出,关节痛
汗出,关节肿胀
汗出,关节不利
皮下结节,关节痛
皮下结节,呼吸急促
皮下结节,发斑
皮下结节,肢体痛
皮下结节,胸闷
皮下结节,关节肿胀
皮下结节,关节不利
皮下结节,面白
关节痛,呼吸急促
关节痛,发斑
关节痛,胸闷
关节痛,关节肿胀
关节痛,关节不利
关节痛,面白
呼吸急促,发斑
呼吸急促,肢体痛
呼吸急促,胸闷
呼吸急促,关节肿胀
呼吸急促,关节不利
发斑,肢体痛
发斑,胸闷
发斑,关节肿胀
发斑,关节不利
肢体痛,关节肿胀
肢体痛,关节不利
胸闷,关节肿胀
胸闷,关节不利
关节肿胀,关节不利
关节肿胀,面白
关节不利,面白
情绪不稳,欲饮
烦躁,欲饮
不喜饮,脘痞
不喜饮,尿频
脘痞,尿痛
脘痞,尿频
尿痛,尿黄
尿痛,纳差
尿黄,尿频
尿频,纳差
耳鸣,乳汁不行
耳鸣,纳差
耳鸣,皮肤干燥
耳鸣,便秘
耳鸣,面黄
耳鸣,便溏
乳汁不行,呼吸急促
乳汁不行,下肢无力
乳汁不行,头晕
乳汁不行,恶寒
乳汁不行,乏力
乳汁不行,腰瘦
乳汁不行,尿频
乳汁不行,纳差
乳汁不行,皮肤干燥
乳汁不行,便秘
乳汁不行,面黄
乳汁不行,心悸
乳汁不行,便溏
呼吸急促,腰瘦
下肢无力,腰瘦
下肢无力,皮肤干燥
下肢无力,便秘
下肢无力,面黄
恶寒,腰瘦
恶寒,皮肤干燥
腰瘦,皮肤干燥
腰瘦,便秘
腰瘦,面黄
腰瘦,心悸
腰瘦,便溏
尿频,皮肤干燥
尿频,面黄
尿频,心悸
尿频,便溏
皮肤干燥,便秘
皮肤干燥,便溏
脘痞,乳汁不行
脘痞,抑郁
脘痞,乳房痛
脘痞,乳房胀
脘痞,胸胁不舒
乳汁不行,抑郁
乳汁不行,乳房痛
乳汁不行,乳房胀
乳汁不行,胸胁不舒
乳汁不行,腹胀
抑郁,乳房痛
抑郁,乳房胀
抑郁,胸胁不舒
乳房痛,胸胁不舒
乳房胀,胸胁不舒
胸胁不舒,纳差
胸胁不舒,腹胀
腹痛,乳汁不行
腹痛,乳房结块
腹痛,乳房拒按
恶露量少,面青
恶露量少,乳汁不行
恶露量少,乳房结块
恶露量少,嗳气
恶露量少,乳房拒按
恶露量少,胸闷
面青,乳汁不行
面青,乳房结块
面青,嗳气
面青,乳房拒按
乳汁不行,乳房结块
乳汁不行,嗳气
乳汁不行,乳房拒按
乳汁不行,胸闷
乳房结块,嗳气
乳房结块,乳房拒按
乳房结块,胸闷
嗳气,乳房拒按
乳房拒按,胸闷
乳汁不断,乳汁自出
乳汁不断,呼吸急促
乳汁不断,乏力
乳汁不断,皮肤干燥
乳汁不断,心悸
乳汁不断,面白
乳汁自出,呼吸急促
乳汁自出,乏力
乳汁自出,皮肤干燥
乳汁自出,心悸
乳汁自出,面白
情绪不稳,乳汁不断
情绪不稳,乳汁自出
情绪不稳,皮下结节
乳汁不断,性急
乳汁不断,烦躁
乳汁不断,抑郁
乳汁不断,皮下结节
乳汁不断,乳房痛
乳汁不断,乳房胀
乳汁不断,纳差
乳汁不断,腹胀
乳汁自出,性急
乳汁自出,烦躁
乳汁自出,抑郁
乳汁自出,皮下结节
乳汁自出,乳房痛
乳汁自出,乳房胀
乳汁自出,纳差
乳汁自出,腹胀
性急,抑郁
性急,皮下结节
性急,腹胀
烦躁,皮下结节
抑郁,皮下结节
皮下结节,乳房痛
皮下结节,乳房胀
皮下结节,纳差
皮下结节,腹胀
咽干,乳汁自出
乳汁自出,不寐
乳汁自出,视力受损
乳汁自出,口苦
乳汁自出,尿黄
乳汁自出,头胀
乳汁自出,便秘
乳汁自出,视物模糊
视力受损,乳房痛
视力受损,乳房胀
乳房痛,视物模糊
乳房胀,视物模糊
头胀,便秘
爪白,浮肿
爪白,视力受损
爪白,呼吸急促
爪白,唇色白
爪白,头晕
爪白,乏力
爪白,面黄
爪白,心悸
爪白,视物模糊
浮肿,唇色白
唇色白,面黄
浮肿,恶露量少
浮肿,抑郁
浮肿,足肿
浮肿,腹部拒按
腹痛,足肿
恶露量少,抑郁
恶露量少,足肿
脘痞,足肿
脘痞,腹部拒按
抑郁,足肿
抑郁,腹部拒按
足肿,腹部拒按
足肿,胸闷
腹部拒按,胸闷
情绪不稳,妄作
情绪不稳,妄动
目赤,发狂
目赤,妄作
目赤,妄动
不寐,发狂
不寐,妄作
不寐,妄动
烦躁,妄作
烦躁,妄动
头痛,妄作
头痛,妄动
面赤,发狂
面赤,妄作
面赤,妄动
发狂,妄作
发狂,妄动
妄作,妄动
口淡,腹胀
皮肤色黄,腹胀
浮肿,腿酸
呼吸急促,腿酸
呼吸急促,腰痛
肢冷,腿酸
腿酸,面暗
浮肿,尿痛
浮肿,尿黄
浮肿,下肢浮肿
腰酸,尿痛
腰酸,胸闷
腰酸,下肢浮肿
尿痛,胸闷
尿痛,下肢浮肿
尿黄,乏力
尿黄,下肢浮肿
乏力,下肢浮肿
尿频,胸闷
尿频,下肢浮肿
纳差,下肢浮肿
胸闷,下肢浮肿
腹胀,下肢浮肿
四肢麻木,足痛
四肢麻木,耳鸣
四肢麻木,下肢无力
四肢麻木,头晕
四肢麻木,目干
四肢麻木,肢体痛
四肢麻木,感觉异常
四肢麻木,腰痛
足痛,耳鸣
足痛,下肢无力
足痛,头晕
足痛,目干
足痛,肢体痛
足痛,感觉异常
足痛,腰痛
耳鸣,目干
耳鸣,感觉异常
下肢无力,目干
下肢无力,感觉异常
头晕,目干
目干,肢体痛
目干,感觉异常
目干,腰痛
感觉异常,腰痛
腹冷,活动不利
腹冷,关节痛
腹冷,腰冷
腹冷,肢体痛
腹冷,腰痛
活动不利,关节痛
活动不利,腰冷
活动不利,肢体痛
活动不利,腰痛
关节痛,腰冷
关节痛,腰痛
腰冷,肢体痛
腰冷,腰痛
目眩,月经清稀
目眩,关节紧皱
目眩,月经色淡
目眩,乏力
目眩,恶露量多
目眩,肢体痛
目眩,关节不利
月经清稀,关节紧皱
月经清稀,恶露量多
月经清稀,肢体痛
月经清稀,关节不利
关节紧皱,月经色淡
关节紧皱,头晕
关节紧皱,乏力
关节紧皱,恶露量多
关节紧皱,肢体痛
关节紧皱,心悸
关节紧皱,关节不利
关节紧皱,面白
月经色淡,恶露量多
月经色淡,肢体痛
月经色淡,关节不利
头晕,恶露量多
头晕,关节不利
乏力,恶露量多
乏力,关节不利
恶露量多,肢体痛
恶露量多,关节不利
心悸,关节不利
面紫,肢体痛
面紫,唇色暗
恶露量少,肢体痛
恶露量少,唇色暗
肢体痛,唇色暗
腹痛,项背不舒
腹痛,拘挛
腹痛,恶露减少
项背不舒,拘挛
项背不舒,咳嗽
项背不舒,咳痰
项背不舒,恶寒
项背不舒,纳差
项背不舒,肢体痛
项背不舒,恶露减少
拘挛,咳嗽
拘挛,咳痰
拘挛,恶寒
拘挛,纳差
拘挛,肢体痛
拘挛,恶露减少
咳嗽,肢体痛
咳嗽,恶露减少
咳痰,肢体痛
咳痰,恶露减少
恶寒,恶露减少
纳差,恶露减少
肢体痛,恶露减少
目眩,不寐
目眩,胁痛
目眩,面黄
不寐,恶露量多
胁痛,恶露量多
胁痛,面黄
胁痛,心悸
胁痛,面白
恶露量多,面黄
蓬头垢面,面赤
蓬头垢面,发狂
蓬头垢面,便秘
蓬头垢面,腹胀
蓬头垢面,狂笑
蓬头垢面,口臭
面赤,腹胀
面赤,狂笑
发狂,便秘
发狂,腹胀
发狂,狂笑
发狂,口臭
便秘,狂笑
腹胀,狂笑
狂笑,口臭
情绪不稳,口淡
情绪不稳,太息
口淡,太息
口淡,脘痞
口淡,胁痛
口淡,抑郁
口淡,烦躁
口淡,嗳气
口淡,胸闷
太息,脘痞
太息,胁痛
太息,抑郁
太息,烦躁
太息,嗳气
太息,纳差
太息,胸闷
脘痞,胁痛
脘痞,嗳气
恶露量少,胁痛
面紫,胁痛
闭经,腹冷
闭经,性欲低下
闭经,月经色暗
闭经,不孕
闭经,下肢无力
闭经,尿清
闭经,腰瘦
月经过少,腹冷
月经过少,性欲低下
月经过少,不孕
月经过少,腰瘦
腹冷,性欲低下
腹冷,月经色暗
腹冷,不孕
腹冷,下肢无力
腹冷,月经后期
腹冷,尿清
腹冷,腰瘦
性欲低下,月经色暗
性欲低下,不孕
性欲低下,下肢无力
性欲低下,月经后期
性欲低下,尿清
性欲低下,腰瘦
月经色暗,不孕
月经色暗,下肢无力
月经色暗,尿清
月经色暗,腰瘦
不孕,下肢无力
不孕,月经后期
不孕,尿清
不孕,腰瘦
月经后期,腰瘦
尿清,腰瘦
皮疹,不孕
皮疹,消瘦
皮疹,月经不调
不孕,消瘦
不孕,视力受损
不孕,皮肤斑块
不孕,头晕
不孕,乏力
不孕,月经不调
不孕,面黄
不孕,视物模糊
不孕,月经过多
消瘦,皮肤斑块
消瘦,月经不调
消瘦,月经过少
消瘦,月经过多
视力受损,皮肤斑块
视力受损,月经不调
视力受损,月经过少
视力受损,月经过多
皮肤斑块,头晕
皮肤斑块,月经不调
皮肤斑块,月经过少
皮肤斑块,视物模糊
月经不调,月经过少
月经不调,视物模糊
月经不调,月经过多
月经过少,视物模糊
视物模糊,月经过多
情绪不稳,不孕
月经先期,汗出
月经先期,唇色红
月经先期,耳鸣
月经先期,不孕
月经先期,头晕
月经先期,面赤
月经先期,月经后期
月经先期,盗汗
咽干,不孕
咽干,月经后期
汗出,唇色红
汗出,不孕
不寐,不孕
唇色红,不孕
唇色红,月经后期
唇色红,盗汗
耳鸣,不孕
不孕,烦躁
不孕,口渴
不孕,面赤
不孕,发热
不孕,盗汗
口渴,月经后期
面赤,月经后期
月经后期,盗汗
不孕,乳房痛
不孕,乳房胀
闭经,肥胖
闭经,肢体多毛
闭经,白带量多
闭经,胸闷
浮肿,不孕
浮肿,肢体多毛
浮肿,白带量多
肥胖,不孕
肥胖,肢体多毛
肥胖,白带量多
肥胖,头晕
肥胖,月经不调
肥胖,心悸
不孕,肢体多毛
不孕,白带量多
不孕,纳差
不孕,胸闷
不孕,心悸
肢体多毛,白带量多
肢体多毛,头晕
肢体多毛,乏力
肢体多毛,月经不调
肢体多毛,纳差
肢体多毛,胸闷
肢体多毛,心悸
白带量多,乏力
白带量多,月经不调
月经不调,胸闷
腹痛,眼圈黑
腹痛,月经淋漓不净
腰酸,不孕
腰酸,月经色暗
腰酸,眼圈黑
腰酸,月经淋漓不净
不孕,眼圈黑
不孕,月经淋漓不净
月经色暗,眼圈黑
月经色暗,白带量多
月经色暗,月经淋漓不净
眼圈黑,白带量多
眼圈黑,月经不调
眼圈黑,发热
眼圈黑,月经淋漓不净
白带量多,发热
白带量多,月经淋漓不净
月经不调,月经淋漓不净
发热,月经淋漓不净
经行有块,胞宫增大
经行有块,白带量多
经行有块,月经淋漓不净
经行有块,月经过多
经行有块,瘢瘕
胞宫增大,白带量多
胞宫增大,月经淋漓不净
胞宫增大,月经过多
胞宫增大,瘢瘕
白带量多,月经过多
白带量多,瘢瘕
月经淋漓不净,月经过多
月经淋漓不净,瘢瘕
月经过多,瘢瘕
腹部肿块,月经过多
腹部肿块,瘢瘕
情绪不稳,言笑
胸痛,易惊
胸痛,发狂
胸痛,言笑
胸痛,精神恍惚
易惊,发狂
易惊,言笑
易惊,精神恍惚
烦躁,言笑
胁痛,发狂
胁痛,言笑
胁痛,精神恍惚
发狂,言笑
言笑,精神恍惚
腹痛,喜暖
腹痛,腹下坠
腰酸,喜暖
腰酸,腹下坠
喜暖,耳鸣
喜暖,肢冷
喜暖,白带量多
喜暖,头晕
喜暖,恶寒
喜暖,腹下坠
喜暖,尿频
喜暖,腹胀
喜暖,便溏
耳鸣,肢冷
耳鸣,腹下坠
肢冷,白带量多
肢冷,腹下坠
肢冷,尿频
白带量多,恶寒
白带量多,腹下坠
白带量多,尿频
白带量多,腹胀
白带量多,便溏
头晕,腹下坠
恶寒,腹下坠
腹下坠,尿频
腹下坠,腹胀
腹下坠,便溏
腹痛,白带量少
视力受损,白带量少
白带量少,便秘
白带量少,面黄
白带量少,心悸
白带量少,视物模糊
恶心,喜饮
恶心,白带量多
腹痛,喜饮
腹痛,尿少
喜饮,尿少
喜饮,白带量多
喜饮,头痛
喜饮,恶寒
喜饮,纳差
喜饮,便溏
尿少,白带量多
尿少,恶寒
尿少,便秘
口渴,白带量多
白带量多,头痛
头痛,尿黄
头痛,便秘
大便不爽,尿少
大便不爽,白带量多
大便不爽,肢体痛
大便不爽,肢软
大便不爽,腰痛
尿少,肢体痛
尿少,肢软
尿少,腰痛
白带量多,肢体痛
白带量多,肢软
白带量多,腰痛
尿黄,肢体痛
尿黄,肢软
尿黄,腰痛
肢体痛,便秘
肢体痛,肢软
便秘,腰痛
肢软,腰痛
胸痛,太息
胸痛,腰酸
胸痛,白带量多
太息,腹痛
太息,腰酸
太息,乳房痛
太息,白带量多
太息,乳房胀
太息,腹胀
腰酸,乳房痛
腰酸,乳房胀
胁痛,白带量多
乳房痛,白带量多
白带量多,乳房胀
面青,白带量多
白带量多,形寒
情绪不稳,哭
情绪不稳,喜悲
情绪不稳,脏躁
不能自制,胁胀
不能自制,哭
不能自制,抑郁
不能自制,善太息
不能自制,胁痛
不能自制,月经不调
不能自制,喜悲
不能自制,脏躁
不能自制,胸闷
胁胀,哭
胁胀,月经不调
胁胀,喜悲
胁胀,脏躁
哭,抑郁
哭,善太息
哭,胁痛
哭,烦躁
哭,月经不调
哭,喜悲
哭,脏躁
哭,胸闷
抑郁,月经不调
抑郁,喜悲
抑郁,脏躁
善太息,月经不调
善太息,喜悲
善太息,脏躁
胁痛,喜悲
胁痛,脏躁
烦躁,喜悲
烦躁,脏躁
月经不调,喜悲
月经不调,脏躁
喜悲,脏躁
喜悲,胸闷
脏躁,胸闷
情绪不稳,咳嗽
情绪不稳,咳痰
不喜饮,便秘
不喜饮,咳嗽
不喜饮,哭
不喜饮,咳痰
不喜饮,喜悲
不喜饮,脏躁
不喜饮,胸闷
便秘,哭
便秘,喜悲
便秘,脏躁
咳嗽,哭
咳嗽,烦躁
咳嗽,喜悲
咳嗽,脏躁
咳嗽,口苦
哭,咳痰
哭,口渴
哭,尿黄
哭,口苦
烦躁,咳痰
咳痰,喜悲
咳痰,脏躁
咳痰,口苦
口渴,喜悲
口渴,脏躁
尿黄,喜悲
尿黄,脏躁
喜悲,口苦
脏躁,口苦
多疑,情绪不稳
多疑,咽干
多疑,不寐
多疑,易惊
多疑,哭
多疑,烦躁
多疑,视力受损
多疑,口渴
多疑,头晕
多疑,尿黄
多疑,面赤
多疑,喜悲
多疑,尿短
多疑,脏躁
多疑,视物模糊
咽干,易惊
咽干,哭
咽干,喜悲
咽干,脏躁
不寐,易惊
不寐,哭
不寐,喜悲
不寐,脏躁
易惊,哭
易惊,视力受损
易惊,口渴
易惊,头晕
易惊,尿黄
易惊,面赤
易惊,喜悲
易惊,尿短
易惊,脏躁
易惊,视物模糊
哭,视力受损
哭,头晕
哭,面赤
哭,尿短
哭,视物模糊
视力受损,喜悲
视力受损,脏躁
头晕,喜悲
头晕,脏躁
面赤,喜悲
面赤,脏躁
喜悲,尿短
喜悲,视物模糊
尿短,脏躁
脏躁,视物模糊
耳鸣,脏躁
耳鸣,哭笑无常
耳鸣,哭
耳鸣,呵欠
耳鸣,尿短
耳鸣,喜悲
口渴,哭笑无常
口渴,呵欠
脏躁,盗汗
脏躁,腰酸
脏躁,哭笑无常
脏躁,发热
脏躁,心悸
脏躁,手足发热
脏躁,汗出
脏躁,呵欠
盗汗,哭笑无常
盗汗,尿黄
盗汗,便秘
盗汗,哭
盗汗,呵欠
盗汗,尿短
盗汗,喜悲
不喜饮,哭笑无常
不喜饮,手足发热
不喜饮,不寐
不喜饮,呵欠
腰酸,哭笑无常
腰酸,便秘
腰酸,哭
腰酸,呵欠
腰酸,尿短
腰酸,喜悲
哭笑无常,尿黄
哭笑无常,发热
哭笑无常,便秘
哭笑无常,心悸
哭笑无常,手足发热
哭笑无常,汗出
哭笑无常,不寐
哭笑无常,哭
哭笑无常,呵欠
哭笑无常,头晕
哭笑无常,尿短
哭笑无常,喜悲
尿黄,手足发热
尿黄,汗出
尿黄,呵欠
发热,哭
发热,呵欠
发热,喜悲
便秘,手足发热
便秘,呵欠
心悸,手足发热
心悸,哭
心悸,呵欠
心悸,尿短
心悸,喜悲
手足发热,哭
手足发热,呵欠
手足发热,尿短
手足发热,喜悲
汗出,哭
汗出,呵欠
汗出,尿短
汗出,喜悲
不寐,呵欠
哭,呵欠
呵欠,头晕
呵欠,尿短
呵欠,喜悲
腹部硬满,骂詈
腹部硬满,肢体痛
腹部硬满,皮疹
腹部硬满,发狂
腹部硬满,少语
腹部硬满,胸闷
腹部硬满,腹胀
腹部硬满,言语不休
腹部硬满,面暗
腹部硬满,精神恍惚
骂詈,肢体痛
骂詈,皮疹
骂詈,发狂
骂詈,少语
骂詈,胸闷
骂詈,腹胀
骂詈,言语不休
骂詈,面暗
骂詈,精神恍惚
肢体痛,皮疹
肢体痛,发狂
肢体痛,少语
肢体痛,言语不休
肢体痛,精神恍惚
皮疹,发狂
皮疹,少语
皮疹,言语不休
皮疹,面暗
发狂,胸闷
发狂,言语不休
发狂,面暗
少语,胸闷
少语,腹胀
少语,言语不休
少语,面暗
胸闷,言语不休
胸闷,面暗
腹胀,言语不休
腹胀,精神恍惚
言语不休,面暗
言语不休,精神恍惚
面暗,精神恍惚
腰酸,阴挺
阴挺,白带量多
阴挺,乏力
阴挺,尿频
阴挺,腹胀
腰酸,阴部脱垂
耳鸣,阴挺
耳鸣,阴部脱垂
阴挺,下肢无力
阴挺,头晕
阴挺,腹下坠
阴挺,阴部脱垂
下肢无力,腹下坠
下肢无力,阴部脱垂
头晕,阴部脱垂
腹下坠,阴部脱垂
尿频,阴部脱垂
目眩,腰酸
目眩,耳鸣
目眩,阴挺
目眩,便秘
目眩,皮肤干燥
目眩,脑鸣
腰酸,脑鸣
耳鸣,脑鸣
阴挺,便秘
阴挺,面黄
阴挺,皮肤干燥
阴挺,脑鸣
头晕,脑鸣
便秘,脑鸣
面黄,脑鸣
皮肤干燥,脑鸣
情绪不稳,阴挺
腹痛,阴挺
阴挺,烦躁
阴挺,尿热
阴挺,口渴
阴挺,尿黄
阴挺,白带色黄
尿热,便秘
口渴,白带色黄
脘痞,阴痛
脘痞,白带量多
脘痞,阴肿
阴痛,白带量多
阴痛,阴肿
阴痛,纳差
白带量多,阴肿
阴肿,纳差
阴痛,活动不利
阴痛,尿黄
阴痛,白带色黄
活动不利,白带量多
活动不利,尿黄
活动不利,白带色黄
外阴血肿,阴痛
咽干,前阴生疮
咽干,耳聋
咽干,阴疮
咽干,目干
咽干,带下臭秽
咽干,白带色黄
咽干,尿浑浊
前阴生疮,耳聋
前阴生疮,便秘
前阴生疮,阴疮
前阴生疮,耳鸣
前阴生疮,胁痛
前阴生疮,目干
前阴生疮,尿黄
前阴生疮,带下臭秽
前阴生疮,白带色黄
前阴生疮,口苦
前阴生疮,尿浑浊
耳聋,便秘
耳聋,阴疮
耳聋,耳鸣
耳聋,胁痛
耳聋,目干
耳聋,尿黄
耳聋,带下臭秽
耳聋,白带色黄
耳聋,口苦
耳聋,尿浑浊
便秘,阴疮
便秘,目干
便秘,带下臭秽
便秘,尿浑浊
阴疮,耳鸣
阴疮,胁痛
阴疮,目干
阴疮,尿黄
阴疮,带下臭秽
阴疮,白带色黄
阴疮,口苦
阴疮,尿浑浊
耳鸣,带下臭秽
耳鸣,白带色黄
耳鸣,尿浑浊
胁痛,目干
胁痛,带下臭秽
胁痛,白带色黄
胁痛,尿浑浊
目干,尿黄
目干,带下臭秽
目干,白带色黄
目干,口苦
目干,尿浑浊
尿黄,带下臭秽
尿黄,尿浑浊
带下臭秽,白带色黄
带下臭秽,口苦
带下臭秽,尿浑浊
白带色黄,口苦
白带色黄,尿浑浊
口苦,尿浑浊
情绪不稳,阴疮
情绪不稳,牙痛
情绪不稳,饮冷
口臭,目赤
口臭,阴疮
口臭,发热
口臭,饮冷
目赤,阴疮
目赤,牙痛
目赤,饮冷
阴疮,牙痛
阴疮,烦躁
阴疮,口渴
阴疮,面赤
阴疮,发热
阴疮,饮冷
牙痛,烦躁
牙痛,面赤
牙痛,发热
牙痛,饮冷
烦躁,饮冷
口渴,饮冷
面赤,饮冷
情绪不稳,目眩
情绪不稳,耳聋
情绪不稳,目干
目眩,耳聋
目眩,阴疮
目眩,烦躁
目眩,口渴
目眩,目干
目眩,面赤
目眩,月经不调
目眩,发热
目眩,盗汗
腰酸,耳聋
腰酸,阴疮
腰酸,目干
耳聋,汗出
耳聋,烦躁
耳聋,视力受损
耳聋,口渴
耳聋,头晕
耳聋,面赤
耳聋,月经不调
耳聋,发热
耳聋,盗汗
耳聋,视物模糊
汗出,阴疮
汗出,目干
阴疮,视力受损
阴疮,头晕
阴疮,月经不调
阴疮,盗汗
阴疮,视物模糊
烦躁,目干
视力受损,目干
口渴,目干
口渴,月经不调
目干,面赤
目干,月经不调
目干,发热
目干,盗汗
目干,视物模糊
月经不调,盗汗
情绪不稳,多言
情绪不稳,情绪焦虑
情绪不稳,躁狂
不寐,多言
不寐,情绪紧张
不寐,情绪焦虑
不寐,躁狂
易惊,消瘦
易惊,多言
易惊,情绪紧张
易惊,情绪焦虑
易惊,乏力
易惊,发热
易惊,躁狂
消瘦,多言
消瘦,情绪紧张
消瘦,情绪焦虑
消瘦,发狂
消瘦,躁狂
多言,情绪紧张
多言,情绪焦虑
多言,面赤
多言,乏力
多言,发热
多言,发狂
多言,躁狂
情绪紧张,情绪焦虑
情绪紧张,面赤
情绪紧张,乏力
情绪紧张,发热
情绪紧张,发狂
情绪紧张,躁狂
情绪焦虑,面赤
情绪焦虑,乏力
情绪焦虑,发热
情绪焦虑,发狂
情绪焦虑,躁狂
面赤,乏力
面赤,躁狂
乏力,发狂
乏力,躁狂
发热,发狂
发热,躁狂
发狂,躁狂
阴疮,剧痛
阴疮,阴部破损
阴疮,肢体痛
阴疮,疮疡
剧痛,阴部破损
剧痛,口渴
剧痛,发热
剧痛,肢体痛
剧痛,口苦
剧痛,疮疡
阴部破损,口渴
阴部破损,发热
阴部破损,肢体痛
阴部破损,口苦
阴部破损,疮疡
口渴,疮疡
肢体痛,口苦
肢体痛,疮疡
口苦,疮疡
咽干,无白带
咽干,阴痛
咽干,白带量少
咽干,下肢无力
咽干,乏力
咽干,腰瘦
无白带,汗出
无白带,不寐
无白带,耳鸣
无白带,尿少
无白带,阴痛
无白带,口渴
无白带,白带量少
无白带,目干
无白带,头晕
无白带,下肢无力
无白带,乏力
无白带,尿黄
无白带,发热
无白带,腰瘦
无白带,便秘
无白带,白带色黄
汗出,尿少
汗出,阴痛
汗出,下肢无力
汗出,腰瘦
汗出,白带色黄
不寐,阴痛
不寐,目干
不寐,下肢无力
不寐,腰瘦
耳鸣,尿少
耳鸣,阴痛
尿少,阴痛
尿少,白带量少
尿少,目干
尿少,下肢无力
尿少,腰瘦
尿少,白带色黄
阴痛,口渴
阴痛,白带量少
阴痛,目干
阴痛,头晕
阴痛,下肢无力
阴痛,乏力
阴痛,发热
阴痛,腰瘦
阴痛,便秘
口渴,白带量少
口渴,下肢无力
白带量少,目干
白带量少,下肢无力
白带量少,乏力
白带量少,尿黄
白带量少,腰瘦
白带量少,白带色黄
目干,乏力
目干,腰瘦
头晕,白带色黄
下肢无力,尿黄
下肢无力,发热
乏力,白带色黄
尿黄,腰瘦
发热,腰瘦
腰瘦,白带色黄
阴痛,白带清稀
阴痛,呼吸急促
阴痛,面色不荣
阴痛,少言
白带清稀,呼吸急促
白带清稀,头晕
白带清稀,白带量多
白带清稀,乏力
白带清稀,面色不荣
白带清稀,纳差
白带清稀,少言
呼吸急促,白带量多
呼吸急促,面色不荣
白带量多,面色不荣
白带量多,少言
情绪不稳,阴痛
太息,阴痛
烦躁,阴痛
抑郁,阴痛
乳房痛,阴痛
阴痛,胸闷
情绪不稳,尿少
咽干,胸闷
喜冷,尿少
喜冷,视力受损
喜冷,白带量多
喜冷,头晕
喜冷,阴痛
喜冷,胸闷
喜冷,视物模糊
尿少,烦躁
尿少,视力受损
尿少,口苦
尿少,视物模糊
视力受损,白带量多
视力受损,阴痛
口苦,阴痛
白带量多,视物模糊
阴痛,视物模糊
阴部抽掣,阴痛
阴部抽掣,关节痛
阴部抽掣,肢冷
阴部抽掣,恶寒
阴部抽掣,肢体痛
阴痛,关节痛
阴痛,肢冷
阴痛,恶寒
阴痛,肢体痛
关节痛,肢冷
咽干,阴吹
尿少,阴吹
尿少,腹胀
口渴,阴吹
尿黄,阴吹
阴吹,便秘
阴吹,腹胀
脘痞,呼吸急促
脘痞,下肢无力
脘痞,阴吹
脘痞,少言
脘痞,面白
呼吸急促,阴吹
下肢无力,阴吹
头晕,阴吹
乏力,阴吹
阴吹,少言
阴吹,面白
口粘,咳嗽
口粘,咳痰
口粘,呼吸急促
口粘,白带量多
口粘,阴吹
口粘,胸闷
咳嗽,白带量多
咳嗽,阴吹
咳嗽,心悸
咳痰,白带量多
咳痰,阴吹
咳痰,心悸
白带量多,阴吹
阴吹,胸闷
阴吹,心悸
情绪不稳,阴吹
不寐,胸胁胀
不寐,善太息
不寐,抑郁
不寐,嗳气
不寐,阴吹
胸胁胀,抑郁
胸胁胀,嗳气
胸胁胀,阴吹
善太息,嗳气
善太息,阴吹
烦躁,阴吹
抑郁,阴吹
嗳气,阴吹
阴吹,纳差
情绪不稳,发癫
情绪不稳,易哭
太息,胸胁胀
太息,发癫
太息,少语
太息,易哭
胸胁胀,发癫
胸胁胀,易哭
发癫,烦躁
发癫,抑郁
发癫,少语
发癫,易哭
烦躁,易哭
抑郁,少语
抑郁,易哭
少语,易哭
口粘,不寐
口粘,尿少
口粘,阴痒
口粘,尿频
口粘,白带色黄
口粘,皮肤瘙痒
口粘,胸胁满
不寐,阴痒
不寐,尿频
不寐,胸胁满
尿少,阴痒
尿少,皮肤瘙痒
尿少,胸胁满
阴痒,尿频
阴痒,皮肤瘙痒
阴痒,胸胁满
尿频,白带色黄
尿频,皮肤瘙痒
尿频,胸胁满
白带色黄,皮肤瘙痒
白带色黄,胸胁满
皮肤瘙痒,胸胁满
口苦,胸胁满
腰酸,阴痒
汗出,阴痒
汗出,阴热
阴干,阴痒
阴干,下肢无力
阴干,白带色黄
耳鸣,阴痒
阴痒,阴热
阴痒,白带量少
阴痒,下肢无力
阴热,白带量少
阴热,下肢无力
阴热,白带色黄
白带量少,皮肤瘙痒
下肢无力,皮肤瘙痒
皮疹,阴痒
皮疹,阴部白斑
皮疹,阴肿
皮疹,皮肤色素减退
皮疹,口苦
阴痒,阴部白斑
阴痒,阴肿
阴痒,皮肤色素减退
阴部白斑,白带量多
阴部白斑,尿黄
阴部白斑,阴肿
阴部白斑,白带色黄
阴部白斑,皮肤色素减退
阴部白斑,口苦
白带量多,皮肤色素减退
尿黄,阴肿
尿黄,皮肤色素减退
阴肿,白带色黄
阴肿,皮肤色素减退
阴肿,口苦
白带色黄,皮肤色素减退
皮肤色素减退,口苦
阴部白斑,肢体痛
皮疹,阴痛
皮疹,外阴皮肤干燥
阴痛,阴部白斑
阴痛,皮肤斑块
阴痛,外阴皮肤干燥
阴痛,月经过少
阴痛,皮肤瘙痒
视力受损,阴部白斑
视力受损,外阴皮肤干燥
阴部白斑,头晕
阴部白斑,皮肤斑块
阴部白斑,外阴皮肤干燥
阴部白斑,月经过少
阴部白斑,皮肤瘙痒
阴部白斑,视物模糊
头晕,外阴皮肤干燥
皮肤斑块,外阴皮肤干燥
皮肤斑块,皮肤瘙痒
外阴皮肤干燥,月经过少
外阴皮肤干燥,皮肤瘙痒
外阴皮肤干燥,视物模糊
情绪不稳,阴部萎缩
情绪不稳,阴部白斑
阴部萎缩,腰酸
阴部萎缩,不寐
阴部萎缩,烦躁
阴部萎缩,阴痒
阴部萎缩,视力受损
阴部萎缩,阴部白斑
阴部萎缩,头晕
阴部萎缩,视物模糊
腰酸,阴部白斑
不寐,阴部白斑
烦躁,阴部白斑
阴痒,视力受损
阴痒,视物模糊
闭经,腹痛
闭经,阴白
闭经,阴部干枯
闭经,阴部白斑
腹痛,阴白
腹痛,阴部干枯
腹痛,阴部白斑
腰酸,阴白
腰酸,阴部干枯
阴白,阴部干枯
阴白,阴部白斑
阴白,乏力
阴白,月经过少
阴部干枯,阴部白斑
阴部干枯,乏力
阴部干枯,月经过少
阴部白斑,乏力
腹痛,阴冷
腹痛,腰冷
阴冷,肢冷
阴冷,腰瘦
阴冷,乏力
阴冷,腰冷
阴冷,纳差
阴冷,尿清
阴冷,肢软
阴冷,便溏
阴冷,形寒
肢冷,腰瘦
肢冷,腰冷
肢冷,肢软
腰瘦,腰冷
腰瘦,肢软
腰瘦,形寒
乏力,腰冷
腰冷,纳差
腰冷,尿清
腰冷,肢软
腰冷,便溏
腰冷,形寒
纳差,肢软
尿清,肢软
肢软,便溏
肢软,形寒
太息,胁胀
太息,阴冷
太息,神情呆滞
太息,心中懊𢙐
胁胀,阴冷
胁胀,神情呆滞
胁胀,乳房痛
胁胀,心中懊𢙐
阴冷,神情呆滞
阴冷,胁痛
阴冷,乳房痛
阴冷,心中懊𢙐
阴冷,乳房胀
阴冷,胸闷
神情呆滞,胁痛
神情呆滞,乳房痛
神情呆滞,乳房胀
神情呆滞,胸闷
胁痛,心中懊𢙐
乳房痛,心中懊𢙐
心中懊𢙐,乳房胀
心中懊𢙐,胸闷
白带淋漓不断,阳痿
白带淋漓不断,情绪不稳
白带淋漓不断,汗出
白带淋漓不断,早泄
白带淋漓不断,尿痛
白带淋漓不断,阴冷
白带淋漓不断,尿少
白带淋漓不断,阴痒
白带淋漓不断,烦躁
白带淋漓不断,口渴
白带淋漓不断,尿黄
白带淋漓不断,便秘
白带淋漓不断,口苦
白带淋漓不断,尿浑浊
阳痿,情绪不稳
阳痿,汗出
阳痿,早泄
阳痿,尿痛
阳痿,阴冷
阳痿,尿少
阳痿,阴痒
阳痿,烦躁
阳痿,口渴
阳痿,尿黄
阳痿,便秘
阳痿,口苦
阳痿,尿浑浊
情绪不稳,早泄
情绪不稳,阴冷
情绪不稳,尿浑浊
汗出,早泄
汗出,尿痛
汗出,阴冷
汗出,尿浑浊
早泄,尿痛
早泄,阴冷
早泄,尿少
早泄,阴痒
早泄,烦躁
早泄,口渴
早泄,尿黄
早泄,便秘
早泄,口苦
早泄,尿浑浊
尿痛,阴冷
尿痛,尿少
尿痛,阴痒
尿痛,尿浑浊
阴冷,尿少
阴冷,阴痒
阴冷,烦躁
阴冷,口渴
阴冷,尿黄
阴冷,便秘
阴冷,口苦
阴冷,尿浑浊
阴痒,便秘
阴痒,尿浑浊
烦躁,尿浑浊
口渴,尿浑浊
多疑,多虑
多疑,智力低下
多疑,发癫
多疑,喃喃自语
多疑,哭笑无常
多疑,少语
多疑,表情呆滞
多虑,情绪不稳
多虑,智力低下
多虑,发癫
多虑,喃喃自语
多虑,哭笑无常
多虑,少语
多虑,表情呆滞
情绪不稳,智力低下
情绪不稳,喃喃自语
情绪不稳,哭笑无常
情绪不稳,表情呆滞
智力低下,发癫
智力低下,喃喃自语
智力低下,哭笑无常
智力低下,少语
智力低下,表情呆滞
发癫,喃喃自语
发癫,哭笑无常
发癫,表情呆滞
喃喃自语,哭笑无常
喃喃自语,少语
喃喃自语,表情呆滞
哭笑无常,少语
哭笑无常,表情呆滞
少语,表情呆滞
阴冷,关节痛
阴冷,肢体痛
肥胖,阴冷
肥胖,便溏
肥胖,意识障碍
肥胖,嗜睡
阴冷,意识障碍
阴冷,嗜睡
纳差,嗜睡
腰酸,唇色红
腰酸,出血
腰酸,月经色红
唇色红,出血
耳鸣,月经色红
出血,月经色红
月经色红,口渴
月经色红,发热
赤带,出血
赤带,白带量多
赤带,尿黄
赤带,肢体痛
赤带,白带色黄
赤带,便溏
赤带,腰痛
出血,白带量多
出血,肢体痛
出血,白带色黄
出血,腰痛
肢体痛,白带色黄
白带色黄,便溏
白带色黄,腰痛
浮肿,出血
情绪不稳,经行有块
阴道出血,性急
阴道出血,胁胀
阴道出血,月经过多
腹痛,月经色红
性急,经行有块
性急,月经色红
性急,月经过多
经行有块,胁胀
经行有块,烦躁
经行有块,抑郁
经行有块,月经色红
胁胀,月经色红
胁胀,月经过多
抑郁,月经色红
抑郁,月经过多
月经色红,月经过多
手足发热,腹痛
手足发热,阴道出血
手足发热,月经色红
腰酸,喜饮
喜饮,不寐
喜饮,耳鸣
喜饮,月经色红
喜饮,头晕
喜饮,月经过多
耳鸣,月经过多
月经色红,头晕
月经先期,阴道出血
月经先期,呼吸急促
阴道出血,汗出
汗出,腰痛
纳差,腰痛
腰酸,经行有块
不喜饮,经行有块
不喜饮,月经色暗
不喜饮,肢体痛
不喜饮,腰痛
阴道出血,月经色暗
经行有块,月经色暗
经行有块,口渴
经行有块,肢体痛
经行有块,腰痛
月经色暗,口渴
月经色暗,肢体痛
月经色暗,腰痛
面黄,发癫
面黄,喃喃自语
面黄,情感淡漠
面黄,妄思
面黄,傻笑
面黄,思维混乱
面黄,妄听
面黄,尿清
面黄,表情呆滞
面黄,目瞪
发癫,情感淡漠
发癫,呼吸急促
发癫,妄思
发癫,傻笑
发癫,思维混乱
发癫,妄听
发癫,尿清
发癫,便溏
发癫,目瞪
喃喃自语,情感淡漠
喃喃自语,呼吸急促
喃喃自语,妄思
喃喃自语,傻笑
喃喃自语,思维混乱
喃喃自语,妄听
喃喃自语,尿清
喃喃自语,便溏
喃喃自语,目瞪
情感淡漠,呼吸急促
情感淡漠,妄思
情感淡漠,傻笑
情感淡漠,思维混乱
情感淡漠,妄听
情感淡漠,尿清
情感淡漠,表情呆滞
情感淡漠,便溏
情感淡漠,目瞪
呼吸急促,妄思
呼吸急促,傻笑
呼吸急促,思维混乱
呼吸急促,妄听
呼吸急促,尿清
呼吸急促,表情呆滞
呼吸急促,目瞪
妄思,傻笑
妄思,思维混乱
妄思,妄听
妄思,尿清
妄思,表情呆滞
妄思,便溏
妄思,目瞪
傻笑,思维混乱
傻笑,妄听
傻笑,尿清
傻笑,表情呆滞
傻笑,便溏
傻笑,目瞪
思维混乱,妄听
思维混乱,尿清
思维混乱,表情呆滞
思维混乱,便溏
思维混乱,目瞪
妄听,尿清
妄听,表情呆滞
妄听,便溏
妄听,目瞪
尿清,表情呆滞
尿清,目瞪
表情呆滞,便溏
表情呆滞,目瞪
便溏,目瞪
口淡,阴道出血
口淡,尿黄
口淡,尿短
口淡,腰坠
口淡,腰瘦
口淡,腰痈
腹痛,口粘
腹痛,腰坠
腹痛,腰痈
阴道出血,口粘
阴道出血,腰坠
阴道出血,腰痈
口粘,尿黄
口粘,尿短
口粘,腰坠
口粘,腰瘦
口粘,腰痈
头晕,腰坠
头晕,腰痈
尿黄,腰坠
尿黄,腰痈
尿短,腰坠
尿短,腰瘦
尿短,腰痈
发热,腰坠
发热,腰痈
纳差,腰坠
纳差,腰痈
腰坠,腰瘦
腰坠,腰痈
腰瘦,腰痈
闭经,无白带
闭经,消瘦
闭经,视力受损
闭经,面黄
闭经,视物模糊
无白带,消瘦
无白带,视力受损
无白带,月经不调
无白带,纳差
无白带,面黄
无白带,心悸
无白带,视物模糊
闭经,肩痛
闭经,腹部拒按
闭经,肢体痛
腹痛,肩痛
肩痛,白带量少
肩痛,腹部拒按
肩痛,月经不调
白带量少,腹部拒按
白带量少,肢体痛
腹部拒按,月经不调
腹部拒按,肢体痛
月经不调,肢体痛
闭经,脘痞
闭经,胁胀
闭经,抑郁
闭经,乳房痛
闭经,乳房胀
呼吸微弱,皮肤色青
呼吸微弱,不啼
皮肤色青,不啼
呼吸微弱,皮肤色白
呼吸微弱,呼吸消失
呼吸微弱,肢冷
呼吸微弱,肢软
皮肤色白,呼吸消失
皮肤色白,肢冷
皮肤色白,不啼
皮肤色白,肢软
呼吸消失,肢冷
呼吸消失,不啼
呼吸消失,肢软
肢冷,不啼
不啼,肢软
呼吸困难,唇色红
呼吸困难,指纹紫
呼吸困难,面赤
唇色红,呼吸急促
唇色红,指纹紫
唇色红,呕吐
唇色红,腹胀
呼吸急促,指纹紫
呼吸急促,呕吐
呼吸急促,面赤
指纹紫,呕吐
指纹紫,面赤
指纹紫,腹胀
足冷,口鼻气冷
足冷,不食
足冷,神情呆滞
足冷,指纹淡
足冷,啼哭
口鼻气冷,面青
口鼻气冷,不食
口鼻气冷,神情呆滞
口鼻气冷,指纹淡
口鼻气冷,手冷
口鼻气冷,啼哭
口鼻气冷,面白
面青,神情呆滞
面青,指纹淡
面青,啼哭
面青,面白
不食,神情呆滞
不食,指纹淡
不食,手冷
不食,啼哭
不食,面白
神情呆滞,指纹淡
神情呆滞,手冷
神情呆滞,啼哭
指纹淡,手冷
指纹淡,啼哭
指纹淡,面白
手冷,啼哭
啼哭,面白
呼吸微弱,反应迟钝
呼吸微弱,不食
呼吸微弱,下肢无力
呼吸微弱,指纹紫
呼吸微弱,面黄
呼吸微弱,哭声低微
反应迟钝,不食
反应迟钝,下肢无力
反应迟钝,指纹紫
反应迟钝,面黄
反应迟钝,哭声低微
不食,下肢无力
不食,指纹紫
不食,面黄
不食,哭声低微
下肢无力,指纹紫
下肢无力,哭声低微
指纹紫,面黄
指纹紫,哭声低微
面黄,哭声低微
指纹紫,脸肿
指纹紫,目赤
脸肿,目赤
不寐,善悲
不寐,发癫
不寐,意志衰退
不寐,少动
善悲,易惊
善悲,发癫
善悲,便溏
善悲,哭
善悲,意志衰退
善悲,少动
善悲,面色不荣
善悲,纳差
善悲,心悸
善悲,少言
善悲,意识障碍
善悲,面白
易惊,发癫
易惊,便溏
易惊,意志衰退
易惊,少动
易惊,面色不荣
易惊,纳差
易惊,心悸
易惊,少言
易惊,意识障碍
易惊,面白
发癫,哭
发癫,意志衰退
发癫,少动
发癫,面色不荣
发癫,纳差
发癫,心悸
发癫,少言
发癫,意识障碍
发癫,面白
便溏,哭
便溏,意志衰退
便溏,少动
哭,意志衰退
哭,少动
哭,面色不荣
哭,纳差
哭,少言
哭,意识障碍
哭,面白
意志衰退,少动
意志衰退,面色不荣
意志衰退,纳差
意志衰退,心悸
意志衰退,少言
意志衰退,意识障碍
意志衰退,面白
少动,面色不荣
少动,纳差
少动,心悸
少动,少言
少动,意识障碍
少动,面白
面色不荣,意识障碍
面色不荣,面白
少言,意识障碍
目赤,指纹暗
目赤,眼睑肿胀
目赤,眼脓
指纹暗,指纹紫
指纹暗,眼睑肿胀
指纹暗,眼脓
指纹紫,眼睑肿胀
指纹紫,眼脓
眼睑肿胀,眼脓
腹泻,不喜饮
腹泻,指纹红
腹泻,肠鸣
腹泻,咳嗽
腹泻,流鼻涕
腹泻,恶寒
腹泻,鼻塞
腹痛,指纹红
腹痛,肠鸣
腹痛,流鼻涕
腹痛,鼻塞
不喜饮,指纹红
不喜饮,肠鸣
不喜饮,流鼻涕
不喜饮,尿清
不喜饮,恶寒
不喜饮,鼻塞
指纹红,肠鸣
指纹红,咳嗽
指纹红,流鼻涕
指纹红,尿清
指纹红,恶寒
指纹红,发热
指纹红,鼻塞
肠鸣,咳嗽
肠鸣,流鼻涕
肠鸣,尿清
肠鸣,恶寒
肠鸣,发热
肠鸣,鼻塞
咳嗽,尿清
流鼻涕,尿清
尿清,恶寒
尿清,发热
尿清,鼻塞
腹泻,情绪不稳
腹泻,肛痛
腹泻,脘痞
腹泻,肛门灼热
腹泻,烦躁
腹泻,指纹紫
腹泻,尿不利
腹泻,胸闷
腹泻,大便粘液
情绪不稳,肛痛
情绪不稳,肛门灼热
情绪不稳,肠鸣
情绪不稳,指纹紫
情绪不稳,大便粘液
腹痛,肛痛
腹痛,肛门灼热
腹痛,指纹紫
腹痛,大便粘液
肛痛,脘痞
肛痛,不喜饮
肛痛,肛门灼热
肛痛,肠鸣
肛痛,烦躁
肛痛,口渴
肛痛,指纹紫
肛痛,尿黄
肛痛,尿短
肛痛,发热
肛痛,尿不利
肛痛,胸闷
肛痛,大便粘液
脘痞,肛门灼热
脘痞,肠鸣
脘痞,指纹紫
脘痞,尿不利
脘痞,大便粘液
不喜饮,肛门灼热
不喜饮,指纹紫
不喜饮,尿不利
不喜饮,大便粘液
肛门灼热,肠鸣
肛门灼热,烦躁
肛门灼热,口渴
肛门灼热,指纹紫
肛门灼热,尿黄
肛门灼热,尿短
肛门灼热,发热
肛门灼热,尿不利
肛门灼热,胸闷
肛门灼热,大便粘液
肠鸣,烦躁
肠鸣,口渴
肠鸣,指纹紫
肠鸣,尿黄
肠鸣,尿短
肠鸣,尿不利
肠鸣,胸闷
肠鸣,大便粘液
烦躁,指纹紫
烦躁,大便粘液
口渴,指纹紫
口渴,大便粘液
指纹紫,尿黄
指纹紫,尿短
指纹紫,发热
指纹紫,尿不利
指纹紫,胸闷
指纹紫,大便粘液
尿黄,大便粘液
尿短,尿不利
尿短,大便粘液
发热,大便粘液
尿不利,大便粘液
胸闷,大便粘液
腹泻,吮乳减少
腹泻,口臭
腹泻,指纹暗
腹泻,不食
腹泻,指纹浮
腹泻,口中发热
腹泻,大便臭
吮乳减少,腹痛
吮乳减少,口臭
吮乳减少,指纹暗
吮乳减少,腹胀
吮乳减少,不食
吮乳减少,指纹浮
吮乳减少,呕吐
吮乳减少,纳差
吮乳减少,口中发热
吮乳减少,便溏
吮乳减少,大便臭
腹痛,口臭
腹痛,指纹暗
腹痛,指纹浮
腹痛,口中发热
腹痛,大便臭
口臭,指纹暗
口臭,不食
口臭,指纹浮
口臭,纳差
口臭,口中发热
口臭,便溏
口臭,大便臭
指纹暗,腹胀
指纹暗,不食
指纹暗,指纹浮
指纹暗,呕吐
指纹暗,纳差
指纹暗,口中发热
指纹暗,便溏
指纹暗,大便臭
腹胀,不食
腹胀,指纹浮
腹胀,口中发热
不食,指纹浮
不食,纳差
不食,口中发热
不食,便溏
不食,大便臭
指纹浮,呕吐
指纹浮,纳差
指纹浮,口中发热
指纹浮,便溏
指纹浮,大便臭
呕吐,口中发热
呕吐,便溏
纳差,口中发热
口中发热,便溏
口中发热,大便臭
便溏,大便臭
腹泻,指纹淡
腹泻,露睛
腹泻,面色不荣
腹泻,完谷不化
腹泻,哭声低微
腹痛,指纹淡
腹痛,露睛
腹痛,面色不荣
腹痛,完谷不化
腹痛,哭声低微
足冷,肠鸣
足冷,露睛
足冷,完谷不化
足冷,哭声低微
肠鸣,指纹淡
肠鸣,手冷
肠鸣,面白
肠鸣,露睛
肠鸣,面色不荣
肠鸣,完谷不化
肠鸣,哭声低微
指纹淡,露睛
指纹淡,面色不荣
指纹淡,完谷不化
指纹淡,哭声低微
手冷,露睛
手冷,完谷不化
手冷,哭声低微
面白,露睛
面白,完谷不化
面白,哭声低微
露睛,面色不荣
露睛,完谷不化
露睛,哭声低微
面色不荣,完谷不化
面色不荣,哭声低微
完谷不化,哭声低微
皮肤红肿,脐湿
皮肤红肿,腹痛
脐湿,腹痛
情绪不稳,指纹暗
情绪不稳,皮肤红肿
情绪不稳,脐疮
情绪不稳,啼哭
腹痛,唇色红
腹痛,脐疮
腹痛,啼哭
指纹暗,唇色红
指纹暗,皮肤红肿
指纹暗,烦躁
指纹暗,口渴
指纹暗,发热
指纹暗,脐疮
指纹暗,啼哭
唇色红,皮肤红肿
唇色红,脐疮
唇色红,啼哭
皮肤红肿,烦躁
皮肤红肿,口渴
皮肤红肿,指纹紫
皮肤红肿,发热
皮肤红肿,脐疮
皮肤红肿,啼哭
烦躁,脐疮
烦躁,啼哭
口渴,脐疮
口渴,啼哭
指纹紫,脐疮
指纹紫,啼哭
发热,脐疮
发热,啼哭
脐疮,啼哭
脐湿,汗出
脐湿,面黄
脐湿,指纹红
脐湿,腹胀
脐湿,不食
脐湿,发热
脐湿,脐疮
脐湿,脐周紫暗
汗出,指纹红
汗出,不食
汗出,脐疮
汗出,脐周紫暗
面黄,指纹红
面黄,发热
面黄,脐疮
面黄,脐周紫暗
指纹红,腹胀
指纹红,不食
指纹红,脐疮
指纹红,脐周紫暗
腹胀,脐疮
腹胀,脐周紫暗
不食,发热
不食,脐疮
不食,脐周紫暗
发热,脐周紫暗
脐疮,脐周紫暗
情绪不稳,气粗
情绪不稳,声高
情绪不稳,痫
情绪不稳,口流清涎
气粗,目赤
气粗,声高
气粗,不寐
气粗,痫
气粗,胁痛
气粗,烦躁
气粗,口渴
气粗,面赤
气粗,便秘
气粗,口流清涎
气粗,抽搐
气粗,口苦
目赤,声高
目赤,咳嗽
目赤,痫
目赤,咳痰
目赤,昏迷
目赤,口流清涎
目赤,抽搐
目赤,意识障碍
声高,不寐
声高,咳嗽
声高,痫
声高,胁痛
声高,烦躁
声高,咳痰
声高,口渴
声高,昏迷
声高,面赤
声高,便秘
声高,口流清涎
声高,抽搐
声高,口苦
声高,意识障碍
不寐,咳嗽
不寐,痫
不寐,咳痰
不寐,口流清涎
咳嗽,痫
咳嗽,胁痛
咳嗽,口流清涎
咳嗽,抽搐
痫,胁痛
痫,烦躁
痫,咳痰
痫,口渴
痫,昏迷
痫,面赤
痫,便秘
痫,口流清涎
痫,抽搐
痫,口苦
痫,意识障碍
胁痛,咳痰
胁痛,昏迷
胁痛,口流清涎
胁痛,抽搐
胁痛,意识障碍
烦躁,口流清涎
咳痰,面赤
咳痰,口流清涎
咳痰,抽搐
口渴,口流清涎
昏迷,面赤
昏迷,口苦
面赤,口流清涎
面赤,抽搐
面赤,意识障碍
便秘,口流清涎
口流清涎,口苦
抽搐,口苦
口苦,意识障碍
情绪不稳,脐出血
指纹暗,面赤
指纹暗,尿黄
指纹暗,脐出血
唇色红,脐出血
烦躁,脐出血
指纹紫,脐出血
面赤,脐出血
尿黄,脐出血
指纹淡,唇色白
指纹淡,脐出血
唇色白,面色不荣
唇色白,脐出血
唇色白,哭声低微
面色不荣,脐出血
脐出血,哭声低微
脐突,咳嗽
脐突,啼哭
脐突,指纹红
咳嗽,啼哭
啼哭,指纹红
情绪不稳,脐突
不寐,脐突
不寐,指纹紫
不寐,啼哭
脐突,烦躁
脐突,指纹紫
呼吸困难,胎毒
呼吸困难,呼吸气热
呼吸困难,易惊
呼吸困难,口噤
呼吸困难,目浮肿
呼吸困难,气喘
呼吸困难,啼叫
胎毒,呼吸气热
胎毒,易惊
胎毒,口噤
胎毒,尿黄
胎毒,面赤
胎毒,目浮肿
胎毒,气喘
胎毒,尿短
胎毒,便秘
胎毒,发热
胎毒,啼叫
呼吸气热,易惊
呼吸气热,口噤
呼吸气热,尿黄
呼吸气热,面赤
呼吸气热,目浮肿
呼吸气热,气喘
呼吸气热,尿短
呼吸气热,便秘
呼吸气热,发热
呼吸气热,啼叫
易惊,口噤
易惊,目浮肿
易惊,气喘
易惊,便秘
易惊,啼叫
口噤,尿黄
口噤,面赤
口噤,目浮肿
口噤,尿短
口噤,便秘
口噤,啼叫
尿黄,目浮肿
尿黄,啼叫
面赤,目浮肿
面赤,气喘
面赤,啼叫
目浮肿,气喘
目浮肿,尿短
目浮肿,便秘
目浮肿,发热
目浮肿,啼叫
气喘,啼叫
尿短,啼叫
便秘,啼叫
发热,啼叫
腹痛,胎毒
腹痛,呼吸气冷
腹痛,握拳
腹痛,曲足
腹痛,昏睡
胎毒,面青
胎毒,肠鸣
胎毒,呼吸气冷
胎毒,恶寒
胎毒,握拳
胎毒,曲足
胎毒,意识障碍
胎毒,昏睡
面青,肠鸣
面青,口噤
面青,呼吸气冷
面青,握拳
面青,曲足
面青,意识障碍
面青,昏睡
肠鸣,口噤
肠鸣,呼吸气冷
肠鸣,握拳
肠鸣,曲足
肠鸣,意识障碍
肠鸣,昏睡
口噤,呼吸气冷
口噤,握拳
口噤,曲足
口噤,昏睡
呼吸气冷,恶寒
呼吸气冷,握拳
呼吸气冷,曲足
呼吸气冷,意识障碍
呼吸气冷,昏睡
恶寒,握拳
恶寒,曲足
恶寒,昏睡
握拳,曲足
握拳,意识障碍
握拳,昏睡
曲足,意识障碍
曲足,昏睡
意识障碍,昏睡
啼声不出,胎毒
啼声不出,腰部僵直
啼声不出,面青
啼声不出,气逆
啼声不出,口噤
啼声不出,身僵
啼声不出,发热
啼声不出,抽搐
胎毒,腰部僵直
胎毒,气逆
胎毒,身僵
胎毒,抽搐
腰部僵直,面青
腰部僵直,气逆
腰部僵直,口噤
腰部僵直,身僵
腰部僵直,发热
腰部僵直,抽搐
面青,气逆
面青,身僵
面青,发热
气逆,口噤
气逆,身僵
气逆,发热
气逆,抽搐
口噤,身僵
身僵,发热
身僵,抽搐
胎毒,黄疸
胎毒,厌食
胎毒,面黄
胎毒,啼哭
胎毒,尿浑浊
黄疸,发热
黄疸,厌食
黄疸,啼哭
黄疸,尿浑浊
发热,厌食
发热,尿浑浊
厌食,面黄
厌食,啼哭
厌食,尿浑浊
面黄,啼哭
面黄,尿浑浊
啼哭,尿浑浊
胎动不安,面青
胎动不安,皮肤色白
胎动不安,肢冷
胎动不安,面暗
面青,皮肤色白
面青,面暗
面青,心悸
皮肤色白,乏力
皮肤色白,面暗
皮肤色白,心悸
爪甲变形,胎动不安
爪甲变形,面青
爪甲变形,目不合
爪甲变形,下肢无力
爪甲变形,软甲
爪甲变形,面色不荣
爪甲变形,爪甲薄
爪甲变形,抽搐
爪甲变形,手脚抽搐
爪甲变形,哭声低微
胎动不安,目不合
胎动不安,软甲
胎动不安,面色不荣
胎动不安,爪甲薄
胎动不安,抽搐
胎动不安,手脚抽搐
胎动不安,哭声低微
面青,目不合
面青,下肢无力
面青,软甲
面青,面色不荣
面青,爪甲薄
面青,手脚抽搐
面青,哭声低微
目不合,下肢无力
目不合,软甲
目不合,面色不荣
目不合,爪甲薄
目不合,抽搐
目不合,手脚抽搐
目不合,哭声低微
下肢无力,软甲
下肢无力,面色不荣
下肢无力,爪甲薄
下肢无力,抽搐
下肢无力,手脚抽搐
软甲,面色不荣
软甲,爪甲薄
软甲,抽搐
软甲,手脚抽搐
软甲,哭声低微
面色不荣,爪甲薄
面色不荣,抽搐
面色不荣,手脚抽搐
爪甲薄,抽搐
爪甲薄,手脚抽搐
爪甲薄,哭声低微
抽搐,手脚抽搐
抽搐,哭声低微
手脚抽搐,哭声低微
恶心,痫
恶心,精神恍惚
痫,头晕
痫,乏力
痫,胸闷
痫,精神恍惚
昏迷,精神恍惚
头晕,精神恍惚
乏力,口流清涎
口流清涎,精神恍惚
抽搐,精神恍惚
胎动不安,消瘦
胎动不安,不食
胎动不安,手足如削
胎动不安,唇色白
胎动不安,口唇枯萎
胎动不安,厌食
消瘦,不食
消瘦,手足如削
消瘦,唇色白
消瘦,口唇枯萎
消瘦,厌食
消瘦,哭声低微
不食,手足如削
不食,唇色白
不食,口唇枯萎
不食,厌食
手足如削,唇色白
手足如削,乏力
手足如削,口唇枯萎
手足如削,厌食
手足如削,面黄
手足如削,便溏
手足如削,哭声低微
唇色白,口唇枯萎
唇色白,厌食
唇色白,便溏
乏力,口唇枯萎
乏力,厌食
乏力,哭声低微
口唇枯萎,厌食
口唇枯萎,面黄
口唇枯萎,便溏
口唇枯萎,哭声低微
厌食,便溏
厌食,哭声低微
便溏,哭声低微
胎动不安,体温偏低
胎动不安,毛鬟不生
胎动不安,皮肤松弛
胎动不安,肌肤薄弱
皮肤色白,体温偏低
皮肤色白,呼吸急促
皮肤色白,面白
皮肤色白,恶寒
皮肤色白,毛鬟不生
皮肤色白,皮肤松弛
皮肤色白,肌肤薄弱
皮肤色白,哭声低微
体温偏低,呼吸急促
体温偏低,面白
体温偏低,恶寒
体温偏低,毛鬟不生
体温偏低,皮肤松弛
体温偏低,肌肤薄弱
体温偏低,哭声低微
呼吸急促,毛鬟不生
呼吸急促,皮肤松弛
呼吸急促,肌肤薄弱
呼吸急促,哭声低微
面白,毛鬟不生
面白,皮肤松弛
面白,肌肤薄弱
恶寒,毛鬟不生
恶寒,皮肤松弛
恶寒,肌肤薄弱
恶寒,哭声低微
毛鬟不生,皮肤松弛
毛鬟不生,肌肤薄弱
毛鬟不生,哭声低微
皮肤松弛,肌肤薄弱
皮肤松弛,哭声低微
肌肤薄弱,哭声低微
龟背,胎动不安
龟背,鸡胸
龟背,下肢无力
龟背,白睛多
龟背,头缝裂开
龟背,发枯
龟背,面黑
龟背,肢体痿弱
胎动不安,鸡胸
胎动不安,白睛多
胎动不安,头缝裂开
胎动不安,发枯
胎动不安,面黑
胎动不安,肢体痿弱
鸡胸,下肢无力
鸡胸,白睛多
鸡胸,头缝裂开
鸡胸,发枯
鸡胸,面黑
鸡胸,肢体痿弱
下肢无力,白睛多
下肢无力,头缝裂开
下肢无力,发枯
下肢无力,面黑
下肢无力,肢体痿弱
白睛多,头缝裂开
白睛多,发枯
白睛多,面黑
白睛多,肢体痿弱
头缝裂开,发枯
头缝裂开,面黑
头缝裂开,肢体痿弱
发枯,面黑
发枯,肢体痿弱
面黑,肢体痿弱
囟门下陷,指纹暗
囟门下陷,指纹淡
囟门下陷,呼吸急促
囟门下陷,肢冷
囟门下陷,乏力
囟门下陷,纳差
囟门下陷,面黄
囟门下陷,便溏
囟门下陷,形体虚弱
指纹暗,指纹淡
指纹暗,呼吸急促
指纹暗,肢冷
指纹暗,乏力
指纹暗,面黄
指纹暗,形体虚弱
指纹淡,呼吸急促
指纹淡,肢冷
指纹淡,乏力
指纹淡,纳差
指纹淡,面黄
指纹淡,便溏
指纹淡,形体虚弱
呼吸急促,形体虚弱
肢冷,形体虚弱
乏力,形体虚弱
纳差,形体虚弱
面黄,形体虚弱
便溏,形体虚弱
囟门下陷,腹泻
囟门下陷,消瘦
囟门下陷,目凹陷
囟门下陷,口渴
囟门下陷,指纹紫
囟门下陷,饮水
囟门下陷,尿频
囟门下陷,发热
腹泻,消瘦
腹泻,目凹陷
腹泻,饮水
腹泻,尿频
指纹暗,消瘦
指纹暗,目凹陷
指纹暗,饮水
指纹暗,尿频
消瘦,目凹陷
消瘦,指纹紫
消瘦,饮水
目凹陷,口渴
目凹陷,指纹紫
目凹陷,饮水
目凹陷,尿频
目凹陷,发热
口渴,饮水
指纹紫,饮水
指纹紫,尿频
饮水,尿频
饮水,发热
胸高,呼吸困难
胸高,囟门凸起
胸高,囟门皮肤红
胸高,自汗
胸高,汗出
胸高,指纹暗
胸高,唇色红
胸高,口渴
胸高,头痛
胸高,指纹紫
胸高,尿黄
胸高,面赤
胸高,发枯
胸高,尿短
胸高,发热
呼吸困难,囟门凸起
呼吸困难,囟门皮肤红
呼吸困难,自汗
呼吸困难,汗出
呼吸困难,指纹暗
呼吸困难,头痛
呼吸困难,发枯
囟门凸起,囟门皮肤红
囟门凸起,自汗
囟门凸起,汗出
囟门凸起,指纹暗
囟门凸起,唇色红
囟门凸起,口渴
囟门凸起,头痛
囟门凸起,指纹紫
囟门凸起,尿黄
囟门凸起,面赤
囟门凸起,发枯
囟门凸起,尿短
囟门凸起,发热
囟门皮肤红,自汗
囟门皮肤红,汗出
囟门皮肤红,指纹暗
囟门皮肤红,唇色红
囟门皮肤红,口渴
囟门皮肤红,头痛
囟门皮肤红,指纹紫
囟门皮肤红,尿黄
囟门皮肤红,面赤
囟门皮肤红,发枯
囟门皮肤红,尿短
囟门皮肤红,发热
自汗,指纹暗
自汗,唇色红
自汗,指纹紫
自汗,尿黄
自汗,面赤
自汗,发枯
自汗,尿短
汗出,指纹暗
汗出,指纹紫
汗出,发枯
指纹暗,头痛
指纹暗,发枯
指纹暗,尿短
唇色红,头痛
唇色红,发枯
口渴,发枯
头痛,指纹紫
头痛,发枯
头痛,尿短
指纹紫,发枯
尿黄,发枯
面赤,发枯
发枯,尿短
发枯,发热
囟门凸起,足冷
囟门凸起,囟门皮肤白
囟门凸起,头大
囟门凸起,手冷
囟门凸起,指纹青
囟门凸起,头缝裂开
囟门凸起,抽搐
囟门凸起,手脚抽搐
囟门凸起,面白
足冷,囟门皮肤白
足冷,头大
足冷,指纹青
足冷,头缝裂开
足冷,手脚抽搐
囟门皮肤白,头大
囟门皮肤白,手冷
囟门皮肤白,指纹青
囟门皮肤白,头缝裂开
囟门皮肤白,抽搐
囟门皮肤白,手脚抽搐
囟门皮肤白,面白
头大,手冷
头大,指纹青
头大,头缝裂开
头大,抽搐
头大,手脚抽搐
头大,面白
手冷,指纹青
手冷,头缝裂开
手冷,手脚抽搐
指纹青,头缝裂开
指纹青,抽搐
指纹青,手脚抽搐
指纹青,面白
头缝裂开,抽搐
头缝裂开,手脚抽搐
头缝裂开,面白
手脚抽搐,面白
指纹暗,神情呆滞
指纹暗,囟门不合
指纹暗,颅缝裂开
指纹暗,手足发热
指纹暗,前囟宽大
指纹暗,精神恍惚
指纹暗,目下垂
指纹暗,头倾
指纹暗,白睛显露
指纹暗,颈细
指纹暗,项软
指纹暗,面白
神情呆滞,囟门不合
神情呆滞,颅缝裂开
神情呆滞,手足发热
神情呆滞,前囟宽大
神情呆滞,目下垂
神情呆滞,头倾
神情呆滞,消瘦
神情呆滞,白睛显露
神情呆滞,指纹紫
神情呆滞,颈细
神情呆滞,项软
指纹淡,口渴
指纹淡,烦躁
指纹淡,发热
指纹淡,囟门不合
指纹淡,颅缝裂开
指纹淡,情绪不稳
指纹淡,手足发热
指纹淡,前囟宽大
指纹淡,精神恍惚
指纹淡,目下垂
指纹淡,头倾
指纹淡,消瘦
指纹淡,白睛显露
指纹淡,指纹紫
指纹淡,颈细
指纹淡,项软
口渴,囟门不合
口渴,颅缝裂开
口渴,前囟宽大
口渴,精神恍惚
口渴,目下垂
口渴,头倾
口渴,白睛显露
口渴,颈细
口渴,项软
烦躁,囟门不合
烦躁,颅缝裂开
烦躁,前囟宽大
烦躁,目下垂
烦躁,头倾
烦躁,白睛显露
烦躁,颈细
烦躁,项软
发热,囟门不合
发热,颅缝裂开
发热,前囟宽大
发热,精神恍惚
发热,目下垂
发热,头倾
发热,白睛显露
发热,颈细
发热,项软
发热,面白
囟门不合,颅缝裂开
囟门不合,情绪不稳
囟门不合,手足发热
囟门不合,前囟宽大
囟门不合,精神恍惚
囟门不合,目下垂
囟门不合,头倾
囟门不合,消瘦
囟门不合,白睛显露
囟门不合,指纹紫
囟门不合,颈细
囟门不合,项软
囟门不合,面白
颅缝裂开,情绪不稳
颅缝裂开,手足发热
颅缝裂开,前囟宽大
颅缝裂开,精神恍惚
颅缝裂开,目下垂
颅缝裂开,头倾
颅缝裂开,消瘦
颅缝裂开,白睛显露
颅缝裂开,指纹紫
颅缝裂开,颈细
颅缝裂开,项软
颅缝裂开,面白
情绪不稳,前囟宽大
情绪不稳,目下垂
情绪不稳,头倾
情绪不稳,白睛显露
情绪不稳,颈细
情绪不稳,项软
手足发热,前囟宽大
手足发热,精神恍惚
手足发热,目下垂
手足发热,头倾
手足发热,白睛显露
手足发热,指纹紫
手足发热,颈细
手足发热,项软
手足发热,面白
前囟宽大,精神恍惚
前囟宽大,目下垂
前囟宽大,头倾
前囟宽大,消瘦
前囟宽大,白睛显露
前囟宽大,指纹紫
前囟宽大,颈细
前囟宽大,项软
前囟宽大,面白
精神恍惚,目下垂
精神恍惚,头倾
精神恍惚,消瘦
精神恍惚,白睛显露
精神恍惚,指纹紫
精神恍惚,颈细
精神恍惚,项软
精神恍惚,面白
目下垂,头倾
目下垂,消瘦
目下垂,白睛显露
目下垂,指纹紫
目下垂,颈细
目下垂,项软
目下垂,面白
头倾,消瘦
头倾,白睛显露
头倾,指纹紫
头倾,颈细
头倾,项软
头倾,面白
消瘦,白睛显露
消瘦,颈细
消瘦,项软
白睛显露,指纹紫
白睛显露,颈细
白睛显露,项软
白睛显露,面白
指纹紫,颈细
指纹紫,项软
指纹紫,面白
颈细,项软
颈细,面白
项软,面白
汗出,肌肉松弛
汗出,夜盲
汗出,方颅
汗出,消瘦
汗出,指纹淡
汗出,囟门不合
汗出,前囟宽大
汗出,颅缝裂开
汗出,言语迟钝
肌肉松弛,夜盲
肌肉松弛,方颅
肌肉松弛,消瘦
肌肉松弛,指纹淡
肌肉松弛,发枯
肌肉松弛,囟门不合
肌肉松弛,面黄
肌肉松弛,盗汗
肌肉松弛,前囟宽大
肌肉松弛,颅缝裂开
肌肉松弛,言语迟钝
夜盲,方颅
夜盲,消瘦
夜盲,指纹淡
夜盲,乏力
夜盲,发枯
夜盲,囟门不合
夜盲,纳差
夜盲,面黄
夜盲,盗汗
夜盲,前囟宽大
夜盲,颅缝裂开
夜盲,言语迟钝
方颅,消瘦
方颅,指纹淡
方颅,乏力
方颅,发枯
方颅,囟门不合
方颅,纳差
方颅,面黄
方颅,盗汗
方颅,前囟宽大
方颅,颅缝裂开
方颅,言语迟钝
消瘦,发枯
消瘦,盗汗
消瘦,言语迟钝
指纹淡,发枯
指纹淡,盗汗
指纹淡,言语迟钝
乏力,发枯
乏力,囟门不合
乏力,盗汗
乏力,前囟宽大
乏力,颅缝裂开
乏力,言语迟钝
发枯,囟门不合
发枯,纳差
发枯,面黄
发枯,盗汗
发枯,前囟宽大
发枯,颅缝裂开
发枯,言语迟钝
囟门不合,纳差
囟门不合,面黄
囟门不合,盗汗
囟门不合,言语迟钝
纳差,前囟宽大
纳差,颅缝裂开
纳差,言语迟钝
面黄,盗汗
面黄,前囟宽大
面黄,颅缝裂开
面黄,言语迟钝
盗汗,前囟宽大
盗汗,颅缝裂开
盗汗,言语迟钝
前囟宽大,言语迟钝
颅缝裂开,言语迟钝
情绪不稳,急惊
情绪不稳,流鼻涕
情绪不稳,无汗
情绪不稳,咽红
急惊,咳嗽
急惊,烦躁
急惊,流鼻涕
急惊,无汗
急惊,头痛
急惊,发热
急惊,咽红
急惊,抽搐
咳嗽,咽红
烦躁,流鼻涕
烦躁,无汗
烦躁,咽红
流鼻涕,咽红
流鼻涕,抽搐
无汗,咽红
头痛,咽红
发热,咽红
咽红,抽搐
皮疹,口眼歪斜
皮疹,痫
皮疹,面部抽搐
皮疹,口唇发绀
皮疹,口流清涎
口眼歪斜,痫
口眼歪斜,面部抽搐
口眼歪斜,头晕
口眼歪斜,头痛
口眼歪斜,皮肤斑块
口眼歪斜,口唇发绀
口眼歪斜,抽搐
口眼歪斜,口流清涎
口眼歪斜,面黑
痫,面部抽搐
痫,头痛
痫,皮肤斑块
痫,口唇发绀
痫,面黑
面部抽搐,头晕
面部抽搐,头痛
面部抽搐,皮肤斑块
面部抽搐,口唇发绀
面部抽搐,抽搐
面部抽搐,口流清涎
面部抽搐,面黑
头晕,口唇发绀
头晕,面黑
头痛,皮肤斑块
头痛,口唇发绀
头痛,面黑
皮肤斑块,口唇发绀
皮肤斑块,口流清涎
皮肤斑块,面黑
口唇发绀,抽搐
口唇发绀,口流清涎
口唇发绀,面黑
抽搐,面黑
口流清涎,面黑
项背僵直,急惊
项背僵直,汗出
项背僵直,自汗
项背僵直,口渴
项背僵直,呕吐
急惊,汗出
急惊,自汗
急惊,昏迷
急惊,口渴
急惊,呕吐
急惊,意识障碍
汗出,抽搐
自汗,昏迷
自汗,呕吐
自汗,抽搐
自汗,意识障碍
头痛,呕吐
呕吐,抽搐
情绪不稳,口噤
急惊,气粗
急惊,口噤
急惊,面赤
急惊,便秘
气粗,发热
口噤,烦躁
口噤,口渴
喉中有痰,腹痛
喉中有痰,急惊
喉中有痰,面青
喉中有痰,腹胀
喉中有痰,神情呆滞
喉中有痰,呕吐
喉中有痰,纳差
喉中有痰,面黄
喉中有痰,抽搐
喉中有痰,大便臭
腹痛,急惊
腹痛,神情呆滞
急惊,面青
急惊,腹胀
急惊,神情呆滞
急惊,纳差
急惊,面黄
急惊,大便臭
面青,纳差
面青,便秘
面青,面黄
面青,大便臭
腹胀,抽搐
神情呆滞,便秘
神情呆滞,面黄
神情呆滞,抽搐
神情呆滞,大便臭
呕吐,面黄
便秘,大便臭
面黄,抽搐
面黄,大便臭
抽搐,大便臭
急惊,足冷
急惊,不寐
急惊,易惊
急惊,手冷
急惊,指纹青
急惊,昏睡
足冷,易惊
足冷,意识障碍
足冷,昏睡
不寐,面青
不寐,指纹青
不寐,昏睡
面青,易惊
面青,指纹青
易惊,手冷
易惊,指纹青
易惊,抽搐
易惊,昏睡
手冷,意识障碍
手冷,昏睡
指纹青,意识障碍
指纹青,昏睡
抽搐,昏睡
手足发热,唇干
手足发热,抽搦无力
手足发热,颤抖
手足发热,手足颤动
手足发热,抽搐
唇干,不寐
唇干,消瘦
唇干,抽搦无力
唇干,颤抖
唇干,手足颤动
唇干,抽搐
不寐,抽搦无力
不寐,手足颤动
消瘦,抽搦无力
消瘦,颤抖
消瘦,手足颤动
消瘦,抽搐
抽搦无力,面赤
抽搦无力,颤抖
抽搦无力,发热
抽搦无力,手足颤动
抽搦无力,抽搐
面赤,颤抖
面赤,手足颤动
颤抖,手足颤动
颤抖,抽搐
发热,手足颤动
手足颤动,抽搐
目上翻,足冷
目上翻,便溏
目上翻,手冷
目上翻,露睛
目上翻,面黄
目上翻,抽搐
目上翻,意识障碍
目上翻,昏睡
目上翻,嗜睡
足冷,面黄
足冷,嗜睡
便溏,露睛
便溏,昏睡
手冷,面黄
手冷,嗜睡
露睛,面黄
露睛,抽搐
露睛,意识障碍
露睛,昏睡
露睛,嗜睡
面黄,意识障碍
面黄,昏睡
面黄,嗜睡
抽搐,嗜睡
昏睡,嗜睡
呼吸微弱,囟门下陷
呼吸微弱,汗出
呼吸微弱,乏力
呼吸微弱,手足蠕动
呼吸微弱,面暗
呼吸微弱,便溏
呼吸微弱,意识障碍
呼吸微弱,昏睡
囟门下陷,汗出
囟门下陷,手足蠕动
囟门下陷,面暗
囟门下陷,意识障碍
囟门下陷,昏睡
汗出,手足蠕动
汗出,昏睡
肢冷,手足蠕动
肢冷,昏睡
乏力,昏睡
手足蠕动,面暗
手足蠕动,面黄
手足蠕动,便溏
手足蠕动,昏睡
面暗,意识障碍
面暗,昏睡
声音不扬,指纹暗
声音不扬,面青
声音不扬,腹冷
声音不扬,指纹红
声音不扬,啼哭
声音不扬,喜伏卧
声音不扬,夜啼
声音不扬,手冷
声音不扬,曲腰而啼
声音不扬,纳差
声音不扬,哭声时高时低
声音不扬,便溏
声音不扬,啼叫
指纹暗,面青
指纹暗,腹冷
指纹暗,指纹红
指纹暗,喜伏卧
指纹暗,夜啼
指纹暗,手冷
指纹暗,曲腰而啼
指纹暗,哭声时高时低
指纹暗,啼叫
面青,腹冷
面青,指纹红
面青,喜伏卧
面青,夜啼
面青,曲腰而啼
面青,哭声时高时低
面青,便溏
面青,啼叫
腹冷,指纹红
腹冷,啼哭
腹冷,喜伏卧
腹冷,夜啼
腹冷,手冷
腹冷,曲腰而啼
腹冷,纳差
腹冷,哭声时高时低
腹冷,便溏
腹冷,啼叫
指纹红,喜伏卧
指纹红,夜啼
指纹红,手冷
指纹红,曲腰而啼
指纹红,纳差
指纹红,哭声时高时低
指纹红,便溏
指纹红,啼叫
啼哭,喜伏卧
啼哭,夜啼
啼哭,曲腰而啼
啼哭,纳差
啼哭,哭声时高时低
啼哭,便溏
啼哭,啼叫
喜伏卧,夜啼
喜伏卧,手冷
喜伏卧,曲腰而啼
喜伏卧,纳差
喜伏卧,哭声时高时低
喜伏卧,便溏
喜伏卧,啼叫
夜啼,手冷
夜啼,曲腰而啼
夜啼,纳差
夜啼,哭声时高时低
夜啼,便溏
夜啼,啼叫
手冷,曲腰而啼
手冷,哭声时高时低
手冷,啼叫
曲腰而啼,纳差
曲腰而啼,哭声时高时低
曲腰而啼,便溏
曲腰而啼,啼叫
纳差,哭声时高时低
纳差,啼叫
哭声时高时低,便溏
哭声时高时低,啼叫
便溏,啼叫
情绪不稳,哭声洪亮
情绪不稳,夜啼
情绪不稳,喜仰卧
便秘,哭声洪亮
便秘,夜啼
便秘,指纹紫
便秘,喜仰卧
便秘,啼哭
哭声洪亮,唇色红
哭声洪亮,烦躁
哭声洪亮,夜啼
哭声洪亮,指纹紫
哭声洪亮,尿黄
哭声洪亮,面赤
哭声洪亮,尿短
哭声洪亮,喜仰卧
哭声洪亮,啼哭
唇色红,夜啼
唇色红,喜仰卧
烦躁,夜啼
烦躁,喜仰卧
夜啼,指纹紫
夜啼,尿黄
夜啼,面赤
夜啼,尿短
夜啼,喜仰卧
指纹紫,喜仰卧
尿黄,喜仰卧
尿黄,啼哭
面赤,喜仰卧
面赤,啼哭
尿短,喜仰卧
尿短,啼哭
喜仰卧,啼哭
情绪不稳,指纹红
情绪不稳,哭声低微
指纹红,易惊
指纹红,消瘦
指纹红,烦躁
指纹红,哭声低微
易惊,夜啼
易惊,啼哭
易惊,哭声低微
消瘦,夜啼
消瘦,啼哭
烦躁,哭声低微
夜啼,发热
夜啼,哭声低微
发热,哭声低微
啼哭,哭声低微
不寐,唇甲淡白
唇甲淡白,痫
唇甲淡白,昏迷
唇甲淡白,呼吸急促
唇甲淡白,目干
唇甲淡白,头晕
唇甲淡白,健忘
唇甲淡白,口流清涎
唇甲淡白,心悸
唇甲淡白,意识障碍
痫,呼吸急促
痫,目干
痫,健忘
痫,心悸
昏迷,目干
昏迷,健忘
呼吸急促,目干
目干,健忘
目干,口流清涎
目干,心悸
目干,意识障碍
头晕,健忘
健忘,口流清涎
健忘,意识障碍
不寐,夜啼
不寐,大便色青绿
不寐,面乍青乍白
不寐,口唇发绀
不寐,泪多
不寐,啼叫
易惊,大便色青绿
易惊,面乍青乍白
易惊,口唇发绀
易惊,泪多
易惊,指纹紫
易惊,口流清涎
啼哭,大便色青绿
啼哭,面乍青乍白
啼哭,口唇发绀
啼哭,泪多
啼哭,口流清涎
夜啼,大便色青绿
夜啼,面乍青乍白
夜啼,口唇发绀
夜啼,泪多
夜啼,口流清涎
大便色青绿,面乍青乍白
大便色青绿,口唇发绀
大便色青绿,泪多
大便色青绿,指纹紫
大便色青绿,口流清涎
大便色青绿,啼叫
面乍青乍白,口唇发绀
面乍青乍白,泪多
面乍青乍白,指纹紫
面乍青乍白,口流清涎
面乍青乍白,啼叫
口唇发绀,泪多
口唇发绀,指纹紫
口唇发绀,啼叫
泪多,指纹紫
泪多,口流清涎
泪多,啼叫
指纹紫,口流清涎
指纹紫,啼叫
口流清涎,啼叫
腹泻,哭声洪亮
腹泻,腹部拒按
腹泻,啼哭
腹泻,时哭时止
腹痛,哭声洪亮
腹痛,时哭时止
指纹暗,哭声洪亮
指纹暗,腹部拒按
指纹暗,便秘
指纹暗,时哭时止
哭声洪亮,不食
哭声洪亮,腹部拒按
哭声洪亮,呕吐
哭声洪亮,时哭时止
不食,腹部拒按
不食,便秘
不食,时哭时止
腹部拒按,指纹紫
腹部拒按,呕吐
腹部拒按,便秘
腹部拒按,啼哭
腹部拒按,时哭时止
指纹紫,时哭时止
呕吐,啼哭
呕吐,时哭时止
便秘,时哭时止
啼哭,时哭时止
指纹暗,多饮
指纹暗,黄疸
指纹暗,心中懊𢙐
指纹暗,大便色灰
指纹暗,厌油
指纹暗,恶心
指纹暗,目黄
不食,口渴
不食,多饮
不食,黄疸
不食,心中懊𢙐
不食,大便色灰
不食,尿黄
不食,厌油
不食,恶心
不食,目黄
不食,尿短
口渴,多饮
口渴,黄疸
口渴,心中懊𢙐
口渴,大便色灰
口渴,厌油
口渴,目黄
多饮,黄疸
多饮,乏力
多饮,心中懊𢙐
多饮,大便色灰
多饮,尿黄
多饮,发热
多饮,便秘
多饮,厌油
多饮,汗出
多饮,恶心
多饮,目黄
多饮,指纹紫
多饮,呕吐
多饮,尿短
多饮,纳差
多饮,腹胀
黄疸,乏力
黄疸,心中懊𢙐
黄疸,大便色灰
黄疸,便秘
黄疸,厌油
黄疸,汗出
黄疸,目黄
黄疸,指纹紫
黄疸,呕吐
黄疸,尿短
黄疸,腹胀
乏力,大便色灰
乏力,厌油
乏力,目黄
乏力,指纹紫
心中懊𢙐,大便色灰
心中懊𢙐,尿黄
心中懊𢙐,发热
心中懊𢙐,便秘
心中懊𢙐,厌油
心中懊𢙐,汗出
心中懊𢙐,恶心
心中懊𢙐,目黄
心中懊𢙐,指纹紫
心中懊𢙐,呕吐
心中懊𢙐,尿短
心中懊𢙐,纳差
心中懊𢙐,腹胀
大便色灰,尿黄
大便色灰,发热
大便色灰,便秘
大便色灰,厌油
大便色灰,汗出
大便色灰,恶心
大便色灰,目黄
大便色灰,指纹紫
大便色灰,呕吐
大便色灰,尿短
大便色灰,纳差
大便色灰,腹胀
尿黄,厌油
尿黄,目黄
尿黄,呕吐
发热,厌油
发热,目黄
便秘,厌油
便秘,目黄
厌油,汗出
厌油,恶心
厌油,目黄
厌油,指纹紫
厌油,呕吐
厌油,尿短
厌油,纳差
厌油,腹胀
汗出,目黄
恶心,目黄
恶心,指纹紫
目黄,指纹紫
目黄,呕吐
目黄,尿短
目黄,纳差
目黄,腹胀
指纹紫,纳差
呕吐,尿短
不食,尿不利
不食,形寒
不食,嗜睡
不食,嗜卧
不食,大便色白
不食,意识障碍
不食,脘痞
肢冷,黄疸
肢冷,尿不利
肢冷,大便色灰
肢冷,嗜卧
肢冷,大便色白
肢冷,尿黄
肢冷,目黄
肢冷,指纹红
肢冷,尿短
黄疸,尿不利
黄疸,形寒
黄疸,嗜睡
黄疸,嗜卧
黄疸,大便色白
黄疸,意识障碍
黄疸,脘痞
黄疸,指纹红
乏力,大便色白
乏力,指纹红
尿不利,便溏
尿不利,形寒
尿不利,大便色灰
尿不利,嗜睡
尿不利,嗜卧
尿不利,大便色白
尿不利,目黄
尿不利,指纹红
尿不利,纳差
便溏,大便色灰
便溏,大便色白
便溏,目黄
形寒,大便色灰
形寒,嗜睡
形寒,嗜卧
形寒,大便色白
形寒,尿黄
形寒,意识障碍
形寒,目黄
形寒,脘痞
形寒,指纹红
形寒,尿短
大便色灰,嗜睡
大便色灰,嗜卧
大便色灰,大便色白
大便色灰,意识障碍
大便色灰,脘痞
大便色灰,指纹红
嗜睡,嗜卧
嗜睡,大便色白
嗜睡,尿黄
嗜睡,目黄
嗜睡,指纹红
嗜睡,尿短
嗜卧,大便色白
嗜卧,尿黄
嗜卧,意识障碍
嗜卧,目黄
嗜卧,指纹红
嗜卧,尿短
大便色白,尿黄
大便色白,意识障碍
大便色白,目黄
大便色白,脘痞
大便色白,指纹红
大便色白,尿短
大便色白,纳差
大便色白,腹胀
尿黄,指纹红
意识障碍,目黄
意识障碍,指纹红
目黄,脘痞
目黄,指纹红
脘痞,指纹红
指纹红,尿短
项背僵直,指纹红
项背僵直,咳嗽
项背僵直,流鼻涕
项背僵直,指纹浮
项背僵直,尿清
项背僵直,鼻塞
指纹红,指纹浮
指纹红,无汗
指纹红,头痛
指纹红,肢体痛
指纹红,面白
咳嗽,指纹浮
咳嗽,面白
流鼻涕,指纹浮
流鼻涕,肢体痛
流鼻涕,面白
指纹浮,尿清
指纹浮,无汗
指纹浮,头痛
指纹浮,恶寒
指纹浮,发热
指纹浮,肢体痛
指纹浮,鼻塞
指纹浮,面白
尿清,无汗
尿清,头痛
无汗,面白
肢体痛,鼻塞
鼻塞,面白
气粗,汗出
气粗,自汗
气粗,咽痛
气粗,流鼻涕
气粗,指纹浮
气粗,头痛
气粗,指纹紫
气粗,尿黄
气粗,恶寒
气粗,鼻塞
气粗,鼻热
汗出,流鼻涕
汗出,指纹浮
汗出,鼻塞
汗出,鼻热
自汗,咽痛
自汗,咳嗽
自汗,咳痰
自汗,流鼻涕
自汗,指纹浮
自汗,鼻塞
自汗,鼻热
咽痛,指纹浮
咽痛,指纹紫
咽痛,鼻塞
咽痛,鼻热
咳嗽,指纹紫
咳嗽,鼻热
咳痰,指纹浮
咳痰,指纹紫
咳痰,鼻热
流鼻涕,口渴
流鼻涕,指纹紫
流鼻涕,尿黄
流鼻涕,鼻热
口渴,指纹浮
口渴,鼻塞
口渴,鼻热
指纹浮,指纹紫
指纹浮,尿黄
指纹浮,鼻热
头痛,鼻热
指纹紫,恶寒
指纹紫,鼻塞
指纹紫,鼻热
尿黄,鼻塞
尿黄,鼻热
恶寒,鼻热
发热,鼻热
鼻塞,鼻热
项背僵直,伤暑
项背僵直,肢冷
项背僵直,多饮
项背僵直,乏力
项背僵直,四肢痛
项背僵直,嗜睡
项背僵直,头昏沉
项背僵直,不喜饮
项背僵直,拘挛
项背僵直,中暑
项背僵直,指纹达气关
项背僵直,指纹紫
伤暑,口渴
伤暑,肢冷
伤暑,多饮
伤暑,无汗
伤暑,乏力
伤暑,四肢痛
伤暑,嗜睡
伤暑,头昏沉
伤暑,不喜饮
伤暑,指纹浮
伤暑,头痛
伤暑,发热
伤暑,意识障碍
伤暑,汗出
伤暑,拘挛
伤暑,抽搐
伤暑,中暑
伤暑,指纹红
伤暑,昏迷
伤暑,指纹达气关
伤暑,指纹紫
伤暑,恶寒
伤暑,肢体痛
口渴,肢冷
口渴,无汗
口渴,四肢痛
口渴,嗜睡
口渴,头昏沉
口渴,拘挛
口渴,中暑
口渴,指纹红
口渴,指纹达气关
肢冷,多饮
肢冷,无汗
肢冷,四肢痛
肢冷,头昏沉
肢冷,不喜饮
肢冷,指纹浮
肢冷,头痛
肢冷,发热
肢冷,拘挛
肢冷,抽搐
肢冷,中暑
肢冷,指纹达气关
肢冷,指纹紫
多饮,无汗
多饮,四肢痛
多饮,嗜睡
多饮,头昏沉
多饮,不喜饮
多饮,指纹浮
多饮,头痛
多饮,意识障碍
多饮,拘挛
多饮,抽搐
多饮,中暑
多饮,指纹红
多饮,昏迷
多饮,指纹达气关
多饮,恶寒
多饮,肢体痛
无汗,乏力
无汗,四肢痛
无汗,嗜睡
无汗,头昏沉
无汗,不喜饮
无汗,意识障碍
无汗,汗出
无汗,拘挛
无汗,中暑
无汗,昏迷
无汗,指纹达气关
无汗,指纹紫
乏力,指纹浮
乏力,拘挛
乏力,中暑
乏力,指纹达气关
四肢痛,嗜睡
四肢痛,头昏沉
四肢痛,不喜饮
四肢痛,指纹浮
四肢痛,头痛
四肢痛,发热
四肢痛,意识障碍
四肢痛,汗出
四肢痛,拘挛
四肢痛,中暑
四肢痛,指纹红
四肢痛,昏迷
四肢痛,指纹达气关
四肢痛,指纹紫
嗜睡,头昏沉
嗜睡,不喜饮
嗜睡,指纹浮
嗜睡,头痛
嗜睡,发热
嗜睡,汗出
嗜睡,拘挛
嗜睡,中暑
嗜睡,昏迷
嗜睡,指纹达气关
嗜睡,指纹紫
嗜睡,肢体痛
头昏沉,不喜饮
头昏沉,指纹浮
头昏沉,发热
头昏沉,汗出
头昏沉,拘挛
头昏沉,中暑
头昏沉,指纹红
头昏沉,指纹达气关
头昏沉,指纹紫
头昏沉,恶寒
头昏沉,肢体痛
不喜饮,指纹浮
不喜饮,头痛
不喜饮,意识障碍
不喜饮,拘挛
不喜饮,抽搐
不喜饮,中暑
不喜饮,昏迷
不喜饮,指纹达气关
指纹浮,意识障碍
指纹浮,拘挛
指纹浮,抽搐
指纹浮,中暑
指纹浮,昏迷
指纹浮,指纹达气关
头痛,拘挛
头痛,中暑
头痛,指纹达气关
发热,拘挛
发热,中暑
发热,指纹达气关
意识障碍,拘挛
意识障碍,中暑
意识障碍,指纹达气关
意识障碍,指纹紫
汗出,拘挛
汗出,中暑
汗出,指纹达气关
拘挛,抽搐
拘挛,中暑
拘挛,指纹红
拘挛,昏迷
拘挛,指纹达气关
拘挛,指纹紫
抽搐,中暑
抽搐,指纹红
抽搐,指纹达气关
抽搐,指纹紫
中暑,指纹红
中暑,昏迷
中暑,指纹达气关
中暑,指纹紫
中暑,恶寒
中暑,肢体痛
指纹红,昏迷
指纹红,指纹达气关
指纹红,指纹紫
昏迷,指纹达气关
昏迷,指纹紫
指纹达气关,指纹紫
指纹达气关,恶寒
指纹达气关,肢体痛
指纹紫,肢体痛
汗出,手舞足蹈
汗出,饮冷
指纹暗,手舞足蹈
指纹暗,饮冷
口渴,手舞足蹈
手舞足蹈,指纹紫
手舞足蹈,发热
手舞足蹈,饮冷
指纹紫,饮冷
手足多汗,腹痛
手足多汗,汗出
手足多汗,指纹暗
手足多汗,指纹紫
手足多汗,发热
手足多汗,便秘
手足多汗,腹胀
不喜饮,皮疹
不喜饮,指纹暗
不喜饮,谵语
不寐,指纹暗
皮疹,指纹暗
皮疹,指纹紫
指纹暗,谵语
谵语,指纹紫
大便失禁,痫
大便失禁,面暗
大便失禁,阳痿
大便失禁,智力低下
大便失禁,腰酸
大便失禁,尿失禁
大便失禁,白带量多
大便失禁,口流清涎
大便失禁,视物模糊
大便失禁,意识障碍
大便失禁,不寐
大便失禁,早泄
大便失禁,视力受损
大便失禁,健忘
大便失禁,遗精
大便失禁,抽搐
大便失禁,昏迷
大便失禁,头晕
痫,面暗
痫,阳痿
痫,智力低下
痫,腰酸
痫,尿失禁
痫,白带量多
痫,视物模糊
痫,早泄
痫,视力受损
痫,遗精
面暗,阳痿
面暗,智力低下
面暗,白带量多
面暗,口流清涎
面暗,视物模糊
面暗,不寐
面暗,早泄
面暗,视力受损
面暗,健忘
面暗,遗精
面暗,抽搐
面暗,昏迷
阳痿,智力低下
阳痿,腰酸
阳痿,尿失禁
阳痿,白带量多
阳痿,口流清涎
阳痿,视物模糊
阳痿,意识障碍
阳痿,不寐
阳痿,视力受损
阳痿,健忘
阳痿,遗精
阳痿,抽搐
阳痿,昏迷
阳痿,头晕
智力低下,腰酸
智力低下,尿失禁
智力低下,白带量多
智力低下,口流清涎
智力低下,视物模糊
智力低下,意识障碍
智力低下,不寐
智力低下,早泄
智力低下,视力受损
智力低下,健忘
智力低下,遗精
智力低下,抽搐
智力低下,昏迷
智力低下,头晕
腰酸,口流清涎
腰酸,意识障碍
腰酸,早泄
腰酸,健忘
腰酸,遗精
腰酸,抽搐
腰酸,昏迷
尿失禁,白带量多
尿失禁,口流清涎
尿失禁,视物模糊
尿失禁,意识障碍
尿失禁,不寐
尿失禁,早泄
尿失禁,视力受损
尿失禁,健忘
尿失禁,遗精
尿失禁,抽搐
尿失禁,昏迷
白带量多,口流清涎
白带量多,早泄
白带量多,健忘
白带量多,遗精
白带量多,抽搐
白带量多,昏迷
口流清涎,早泄
口流清涎,遗精
视物模糊,早泄
视物模糊,健忘
视物模糊,遗精
意识障碍,早泄
意识障碍,遗精
不寐,早泄
不寐,遗精
早泄,视力受损
早泄,健忘
早泄,遗精
早泄,抽搐
早泄,昏迷
早泄,头晕
视力受损,健忘
视力受损,遗精
健忘,遗精
健忘,抽搐
遗精,抽搐
遗精,昏迷
遗精,头晕
呕血,指纹暗
呕血,指纹紫
呕血,躁扰
呕血,发狂
呕血,指纹射关透甲
呕血,尿血
指纹暗,昏迷
指纹暗,便血
指纹暗,躁扰
指纹暗,发狂
指纹暗,指纹射关透甲
指纹暗,尿血
指纹暗,意识障碍
皮疹,躁扰
皮疹,指纹射关透甲
皮疹,尿血
昏迷,便血
昏迷,躁扰
昏迷,发狂
昏迷,指纹射关透甲
昏迷,尿血
便血,指纹紫
便血,躁扰
便血,发狂
便血,指纹射关透甲
便血,意识障碍
指纹紫,躁扰
指纹紫,发狂
指纹紫,指纹射关透甲
指纹紫,尿血
躁扰,发热
躁扰,发狂
躁扰,指纹射关透甲
躁扰,尿血
躁扰,意识障碍
发热,指纹射关透甲
发狂,指纹射关透甲
发狂,尿血
发狂,意识障碍
指纹射关透甲,尿血
指纹射关透甲,意识障碍
尿血,意识障碍
指纹红,咳痰
恶心,指纹隐伏
恶心,无汗
恶心,头重
不喜饮,指纹隐伏
不喜饮,尿少
不喜饮,头重
不喜饮,便溏
指纹隐伏,尿少
指纹隐伏,口渴
指纹隐伏,无汗
指纹隐伏,头重
指纹隐伏,乏力
指纹隐伏,发热
指纹隐伏,纳差
指纹隐伏,便溏
尿少,无汗
尿少,头重
口渴,头重
无汗,头重
无汗,纳差
无汗,便溏
头重,乏力
头重,发热
头重,纳差
头重,便溏
恶心,不寐
不寐,大便臭
嗳气,便秘
嗳气,便溏
恶心,腹部肿块
恶心,易饥
恶心,消瘦
恶心,指纹浮
恶心,发枯
恶心,少言
腹部肿块,易饥
腹部肿块,消瘦
腹部肿块,指纹浮
腹部肿块,呕吐
腹部肿块,发枯
腹部肿块,发热
腹部肿块,便秘
腹部肿块,腹胀
腹部肿块,便溏
腹部肿块,少言
腹部肿块,意识障碍
腹部肿块,精神恍惚
腹部肿块,嗜睡
易饥,消瘦
易饥,指纹浮
易饥,呕吐
易饥,发枯
易饥,发热
易饥,腹胀
易饥,便溏
易饥,少言
易饥,意识障碍
易饥,精神恍惚
易饥,嗜睡
消瘦,指纹浮
消瘦,呕吐
消瘦,便秘
消瘦,意识障碍
消瘦,嗜睡
指纹浮,发枯
指纹浮,便秘
指纹浮,少言
指纹浮,精神恍惚
呕吐,发枯
呕吐,少言
呕吐,精神恍惚
发枯,便秘
发枯,腹胀
发枯,便溏
发枯,少言
发枯,意识障碍
发枯,精神恍惚
发枯,嗜睡
发热,少言
便秘,少言
便秘,嗜睡
便溏,精神恍惚
少言,嗜睡
精神恍惚,嗜睡
呼吸困难,少气
呼吸困难,指纹红
呼吸困难,指纹浮
呼吸困难,少言
呼吸困难,面白
汗出,少气
汗出,少言
少气,自汗
少气,指纹红
少气,指纹浮
少气,呼吸急促
少气,发热
自汗,指纹红
自汗,纳差
自汗,面黄
自汗,少言
自汗,面白
指纹红,呼吸急促
指纹红,少言
指纹浮,呼吸急促
指纹浮,面黄
饮少,便秘
饮少,盗汗
指纹暗,厌食
指纹暗,盗汗
指纹暗,嗜卧
指纹暗,皮毛憔悴
指纹暗,尿浑浊
指纹淡,厌食
指纹淡,嗜卧
指纹淡,尿黄
指纹淡,便秘
指纹淡,皮毛憔悴
指纹淡,不寐
指纹淡,腹胀
指纹淡,面赤
指纹淡,尿浑浊
乏力,皮毛憔悴
乏力,手足发热
乏力,尿浑浊
厌食,盗汗
厌食,嗜卧
厌食,烦躁
厌食,尿黄
厌食,便秘
厌食,皮毛憔悴
厌食,情绪不稳
厌食,手足发热
厌食,汗出
厌食,不寐
厌食,腹胀
厌食,面赤
盗汗,便溏
盗汗,嗜卧
盗汗,皮毛憔悴
盗汗,腹胀
盗汗,尿浑浊
便溏,皮毛憔悴
便溏,手足发热
便溏,面赤
嗜卧,烦躁
嗜卧,发热
嗜卧,便秘
嗜卧,皮毛憔悴
嗜卧,情绪不稳
嗜卧,手足发热
嗜卧,汗出
嗜卧,不寐
嗜卧,消瘦
嗜卧,面赤
嗜卧,面黄
嗜卧,尿浑浊
烦躁,皮毛憔悴
尿黄,皮毛憔悴
尿黄,消瘦
发热,皮毛憔悴
便秘,皮毛憔悴
皮毛憔悴,情绪不稳
皮毛憔悴,手足发热
皮毛憔悴,汗出
皮毛憔悴,不寐
皮毛憔悴,腹胀
皮毛憔悴,消瘦
皮毛憔悴,面赤
皮毛憔悴,面黄
皮毛憔悴,尿浑浊
手足发热,腹胀
手足发热,面黄
手足发热,尿浑浊
不寐,尿浑浊
腹胀,尿浑浊
消瘦,尿浑浊
面赤,面黄
面赤,尿浑浊
耳鸣,消瘦
乏力,咳嗽
乏力,咳痰
盗汗,咳痰
盗汗,尿频
视物模糊,手足发热
视物模糊,咳嗽
视物模糊,咳痰
视物模糊,尿频
手足发热,咳嗽
手足发热,咳痰
手足发热,视力受损
汗出,尿频
咳嗽,视力受损
咳嗽,消瘦
咳嗽,尿频
咳痰,视力受损
咳痰,消瘦
咳痰,尿频
视力受损,尿频
情绪不稳,唇燥
情绪不稳,尿清
情绪不稳,皮肤干燥
情绪不稳,皮肤发热
唇色红,欲饮
唇色红,唇燥
唇色红,尿频
唇色红,尿清
唇色红,皮肤干燥
唇色红,皮肤发热
烦躁,唇燥
烦躁,尿清
烦躁,皮肤干燥
烦躁,皮肤发热
欲饮,尿清
欲饮,皮肤干燥
欲饮,皮肤发热
口渴,尿清
口渴,皮肤发热
唇燥,尿黄
唇燥,尿频
唇燥,发热
唇燥,尿清
唇燥,皮肤干燥
唇燥,皮肤发热
尿黄,尿清
尿黄,皮肤干燥
尿黄,皮肤发热
尿频,尿清
尿频,皮肤发热
发热,皮肤干燥
发热,皮肤发热
尿清,皮肤干燥
尿清,皮肤发热
皮肤干燥,皮肤发热
声低,易惊
声低,胆怯
不寐,胆怯
易惊,胆怯
易惊,呼吸急促
胆怯,呼吸急促
胆怯,乏力
情绪不稳,下肢冷
情绪不稳,多饮
烦躁,下肢冷
烦躁,多饮
口渴,下肢冷
下肢冷,多饮
下肢冷,乏力
下肢冷,发热
下肢冷,纳差
下肢冷,尿清
下肢冷,便溏
下肢冷,面白
多饮,尿清
多饮,便溏
多饮,面白
吞咽不利,咽痛
吞咽不利,咽异物感
吞咽不利,头痛
吞咽不利,恶寒
吞咽不利,发热
吞咽不利,咽肿
咽痛,咽异物感
咽痛,咽肿
咽异物感,头痛
咽异物感,恶寒
咽异物感,发热
咽异物感,咽肿
头痛,咽肿
恶寒,咽肿
发热,咽肿
吞咽不利,情绪不稳
吞咽不利,烦躁
吞咽不利,口渴
吞咽不利,乳蛾
吞咽不利,多饮
吞咽不利,尿黄
吞咽不利,便秘
吞咽不利,口臭
情绪不稳,咽痛
情绪不稳,乳蛾
情绪不稳,咽肿
咽痛,烦躁
咽痛,乳蛾
咽痛,多饮
咽痛,口臭
烦躁,乳蛾
烦躁,咽肿
口渴,乳蛾
口渴,咽肿
乳蛾,多饮
乳蛾,尿黄
乳蛾,发热
乳蛾,便秘
乳蛾,咽肿
乳蛾,口臭
多饮,咽肿
多饮,口臭
尿黄,咽肿
便秘,咽肿
咽肿,口臭
吞咽不利,咽干
咽干,乳蛾
咽干,咽肿
吞咽不利,咳嗽
吞咽不利,鼻塞
吞咽不利,流鼻涕
吞咽不利,声哑
吞咽不利,声带充血
咽痛,声带充血
咳嗽,声带充血
咳嗽,咽肿
鼻塞,声带充血
鼻塞,咽肿
流鼻涕,声带充血
流鼻涕,咽肿
头痛,声哑
头痛,声带充血
发热,声带充血
声哑,声带充血
声哑,咽肿
声带充血,咽肿
吞咽不利,头昏沉
吞咽不利,不喜饮
吞咽不利,声音不扬
吞咽不利,声带浮肿
吞咽不利,咳痰
吞咽不利,无汗
吞咽不利,乏力
吞咽不利,咽痒
头昏沉,声音不扬
头昏沉,咽痛
头昏沉,声带浮肿
头昏沉,鼻塞
头昏沉,咳痰
头昏沉,咳嗽
头昏沉,流鼻涕
头昏沉,声哑
头昏沉,咽痒
头昏沉,声带充血
头昏沉,咽肿
不喜饮,声音不扬
不喜饮,咽痛
不喜饮,声带浮肿
不喜饮,声哑
不喜饮,咽痒
不喜饮,声带充血
不喜饮,咽肿
声音不扬,咽痛
声音不扬,声带浮肿
声音不扬,咳痰
声音不扬,无汗
声音不扬,乏力
声音不扬,咽痒
声音不扬,声带充血
声音不扬,咽肿
咽痛,声带浮肿
咽痛,无汗
咽痛,乏力
咽痛,咽痒
声带浮肿,鼻塞
声带浮肿,咳痰
声带浮肿,咳嗽
声带浮肿,流鼻涕
声带浮肿,无汗
声带浮肿,恶寒
声带浮肿,乏力
声带浮肿,发热
声带浮肿,声哑
声带浮肿,咽痒
声带浮肿,声带充血
声带浮肿,咽肿
鼻塞,乏力
咳痰,声带充血
咳痰,咽肿
流鼻涕,乏力
无汗,声哑
无汗,声带充血
无汗,咽肿
恶寒,声带充血
乏力,声哑
乏力,咽痒
乏力,声带充血
乏力,咽肿
声哑,咽痒
咽痒,声带充血
咽痒,咽肿
吞咽不利,咽后壁有白瘰赤豆
吞咽不利,声带闭合不良
吞咽不利,欲饮
吞咽不利,气热
便秘,咽后壁有白瘰赤豆
便秘,声带浮肿
便秘,声带闭合不良
便秘,气热
便秘,声带充血
咽后壁有白瘰赤豆,咽痛
咽后壁有白瘰赤豆,咳嗽
咽后壁有白瘰赤豆,声带浮肿
咽后壁有白瘰赤豆,声带闭合不良
咽后壁有白瘰赤豆,咳痰
咽后壁有白瘰赤豆,口渴
咽后壁有白瘰赤豆,欲饮
咽后壁有白瘰赤豆,尿黄
咽后壁有白瘰赤豆,发热
咽后壁有白瘰赤豆,声哑
咽后壁有白瘰赤豆,气热
咽后壁有白瘰赤豆,声带充血
咽痛,声带闭合不良
咽痛,欲饮
咽痛,气热
咳嗽,声带闭合不良
咳嗽,欲饮
咳嗽,气热
声带浮肿,声带闭合不良
声带浮肿,口渴
声带浮肿,欲饮
声带浮肿,尿黄
声带浮肿,气热
声带闭合不良,咳痰
声带闭合不良,口渴
声带闭合不良,欲饮
声带闭合不良,尿黄
声带闭合不良,发热
声带闭合不良,声哑
声带闭合不良,气热
声带闭合不良,声带充血
咳痰,欲饮
咳痰,气热
口渴,气热
口渴,声带充血
欲饮,声哑
欲饮,气热
欲饮,声带充血
尿黄,气热
尿黄,声带充血
发热,气热
声哑,气热
气热,声带充血
咽干,声音不扬
咽干,声低
咽干,声带浮肿
咽干,声带闭合不良
咽干,咽痒
咽干,声带充血
情绪不稳,声音不扬
情绪不稳,声低
情绪不稳,声带浮肿
情绪不稳,声带闭合不良
情绪不稳,声哑
情绪不稳,咽痒
情绪不稳,声带充血
不喜饮,声低
不喜饮,声带闭合不良
不喜饮,呼吸急促
腰酸,声音不扬
腰酸,声低
腰酸,声带浮肿
腰酸,声带闭合不良
腰酸,咽痒
腰酸,声带充血
声音不扬,不寐
声音不扬,声低
声音不扬,声带闭合不良
声音不扬,烦躁
声音不扬,口渴
声音不扬,呼吸急促
不寐,声带浮肿
不寐,声带闭合不良
不寐,声哑
不寐,咽痒
不寐,声带充血
声低,咳嗽
声低,声带浮肿
声低,声带闭合不良
声低,咳痰
声低,烦躁
声低,口渴
声低,声哑
声低,咽痒
声低,声带充血
声带浮肿,烦躁
声带浮肿,呼吸急促
声带闭合不良,烦躁
声带闭合不良,呼吸急促
声带闭合不良,乏力
声带闭合不良,咽痒
烦躁,声哑
烦躁,咽痒
烦躁,声带充血
口渴,咽痒
呼吸急促,咽痒
呼吸急促,声带充血
口疮,尿短
口疮,纳差
口疮,口流清涎
口疮,口腔溃疡
情绪不稳,口腔溃疡
烦躁,口腔溃疡
欲饮,尿短
欲饮,纳差
欲饮,口流清涎
欲饮,口腔溃疡
口渴,口腔溃疡
尿黄,口流清涎
尿黄,口腔溃疡
尿短,口流清涎
尿短,口腔溃疡
尿短,口臭
发热,口流清涎
发热,口腔溃疡
纳差,口腔溃疡
便秘,口腔溃疡
口流清涎,口腔溃疡
口流清涎,口臭
口腔溃疡,口臭
口疮,面赤
口疮,乏力
口疮,不渴
面赤,不渴
乏力,不渴
情绪不稳,爪白
手足发热,爪白
手足发热,易惊
手足发热,面色不荣
爪白,汗出
爪白,不寐
爪白,易惊
爪白,烦躁
爪白,面色不荣
爪白,发热
爪白,盗汗
汗出,易惊
汗出,面色不荣
易惊,盗汗
面色不荣,盗汗
情绪不稳,口腔白斑
口腔白斑,指纹暗
口腔白斑,唇色红
口腔白斑,烦躁
口腔白斑,指纹紫
口腔白斑,尿黄
口腔白斑,面赤
口腔白斑,尿短
口腔白斑,发狂
口腔白斑,便秘
口腔白斑,口流清涎
口腔白斑,啼哭
口腔白斑,口臭
指纹暗,口流清涎
唇色红,发狂
唇色红,口流清涎
指纹紫,口臭
尿黄,发狂
尿短,发狂
发狂,口流清涎
发狂,啼哭
啼哭,口臭
不喜饮,满口雪白
不喜饮,面白
指纹隐伏,指纹红
指纹隐伏,满口雪白
指纹隐伏,面赤
指纹隐伏,面白
指纹红,满口雪白
指纹红,面赤
口渴,满口雪白
满口雪白,面赤
满口雪白,乏力
满口雪白,便溏
满口雪白,面白
面赤,面白
口疮,指纹暗
口疮,唇色红
口疮,牙痛
口疮,多饮
口疮,指纹紫
口疮,大便臭
情绪不稳,大便臭
指纹暗,牙痛
指纹暗,口苦
唇色红,牙痛
唇色红,多饮
唇色红,纳差
唇色红,口苦
唇色红,大便臭
牙痛,多饮
牙痛,指纹紫
牙痛,尿短
牙痛,纳差
牙痛,口流清涎
牙痛,口苦
牙痛,大便臭
烦躁,大便臭
口渴,大便臭
多饮,面赤
多饮,口流清涎
多饮,口苦
多饮,大便臭
指纹紫,口苦
指纹紫,大便臭
尿短,口苦
尿短,大便臭
尿黄,大便臭
面赤,大便臭
口流清涎,大便臭
口苦,大便臭
足冷,指纹红
足冷,消瘦
足冷,唇色白
足冷,大便不调
足冷,尿清
足冷,口流清涎
指纹红,唇色白
指纹红,大便不调
指纹红,口流清涎
消瘦,手冷
消瘦,大便不调
消瘦,尿清
消瘦,口流清涎
手冷,唇色白
手冷,大便不调
手冷,尿清
手冷,口流清涎
唇色白,大便不调
唇色白,尿清
唇色白,口流清涎
大便不调,乏力
大便不调,尿清
大便不调,面黄
大便不调,口流清涎
尿清,口流清涎
面黄,口流清涎
枕骨部筋核肿,目赤
枕骨部筋核肿,皮疹
枕骨部筋核肿,咽痛
枕骨部筋核肿,咳嗽
枕骨部筋核肿,流鼻涕
枕骨部筋核肿,喷嚏
枕骨部筋核肿,指纹紫
枕骨部筋核肿,恶寒
枕骨部筋核肿,耳后筋核
枕骨部筋核肿,发热
枕骨部筋核肿,皮肤瘙痒
目赤,皮疹
目赤,流鼻涕
目赤,喷嚏
目赤,耳后筋核
目赤,皮肤瘙痒
皮疹,喷嚏
皮疹,耳后筋核
咽痛,喷嚏
咽痛,耳后筋核
咽痛,皮肤瘙痒
咳嗽,喷嚏
咳嗽,耳后筋核
咳嗽,皮肤瘙痒
流鼻涕,喷嚏
流鼻涕,耳后筋核
流鼻涕,皮肤瘙痒
喷嚏,指纹紫
喷嚏,恶寒
喷嚏,耳后筋核
喷嚏,发热
喷嚏,皮肤瘙痒
指纹紫,耳后筋核
指纹紫,皮肤瘙痒
恶寒,耳后筋核
耳后筋核,发热
耳后筋核,皮肤瘙痒
情绪不稳,指纹达气关
皮疹,指纹达气关
喜饮,指纹达气关
喜饮,指纹紫
烦躁,指纹达气关
指纹达气关,尿黄
指纹达气关,便秘
皮疹,唇色红
皮疹,指纹红
皮疹,眼睑红
皮疹,指纹浮
皮疹,畏光
皮疹,鼻塞
皮疹,眼泪汪汪
皮疹,嗜睡
唇色红,指纹红
唇色红,咳嗽
唇色红,流鼻涕
唇色红,喷嚏
唇色红,眼睑红
唇色红,指纹浮
唇色红,恶寒
唇色红,畏光
唇色红,乏力
唇色红,鼻塞
唇色红,眼泪汪汪
唇色红,意识障碍
唇色红,嗜睡
指纹红,喷嚏
指纹红,眼睑红
指纹红,畏光
指纹红,眼泪汪汪
咳嗽,眼睑红
咳嗽,畏光
咳嗽,眼泪汪汪
咳嗽,嗜睡
流鼻涕,眼睑红
流鼻涕,畏光
流鼻涕,尿短
流鼻涕,眼泪汪汪
流鼻涕,意识障碍
流鼻涕,嗜睡
喷嚏,眼睑红
喷嚏,指纹浮
喷嚏,畏光
喷嚏,乏力
喷嚏,尿黄
喷嚏,尿短
喷嚏,鼻塞
喷嚏,眼泪汪汪
喷嚏,意识障碍
喷嚏,嗜睡
眼睑红,指纹浮
眼睑红,恶寒
眼睑红,畏光
眼睑红,乏力
眼睑红,尿黄
眼睑红,尿短
眼睑红,发热
眼睑红,鼻塞
眼睑红,眼泪汪汪
眼睑红,意识障碍
眼睑红,嗜睡
指纹浮,畏光
指纹浮,尿短
指纹浮,眼泪汪汪
恶寒,畏光
恶寒,眼泪汪汪
畏光,乏力
畏光,尿黄
畏光,尿短
畏光,发热
畏光,鼻塞
畏光,眼泪汪汪
畏光,意识障碍
畏光,嗜睡
乏力,眼泪汪汪
尿黄,眼泪汪汪
尿短,鼻塞
尿短,眼泪汪汪
发热,眼泪汪汪
鼻塞,眼泪汪汪
鼻塞,意识障碍
鼻塞,嗜睡
眼泪汪汪,意识障碍
眼泪汪汪,嗜睡
情绪不稳,烦渴
情绪不稳,眵多
情绪不稳,嗜睡
目赤,烦渴
目赤,眵多
目赤,嗜睡
指纹暗,烦渴
指纹暗,咳嗽
指纹暗,眵多
指纹暗,嗜睡
皮疹,烦渴
皮疹,眵多
烦渴,咳嗽
烦渴,烦躁
烦渴,指纹紫
烦渴,眵多
烦渴,嗜睡
咳嗽,眵多
烦躁,眵多
烦躁,嗜睡
指纹紫,眵多
发热,眵多
意识障碍,眵多
眵多,嗜睡
指纹青,皮肤脱屑
指纹青,皮疹
皮肤脱屑,皮疹
胸高,喉中有痰
胸高,皮疹
胸高,鼻翼煽动
胸高,谵语
胸高,咳嗽
胸高,昏迷
胸高,口唇发绀
胸高,抽搐
胸高,意识障碍
呼吸困难,喉中有痰
呼吸困难,皮疹
呼吸困难,谵语
呼吸困难,昏迷
呼吸困难,口唇发绀
呼吸困难,抽搐
喉中有痰,皮疹
喉中有痰,鼻翼煽动
喉中有痰,谵语
喉中有痰,昏迷
喉中有痰,口唇发绀
喉中有痰,发热
喉中有痰,意识障碍
皮疹,鼻翼煽动
鼻翼煽动,谵语
鼻翼煽动,咳嗽
鼻翼煽动,昏迷
鼻翼煽动,口唇发绀
鼻翼煽动,抽搐
谵语,咳嗽
谵语,口唇发绀
咳嗽,口唇发绀
昏迷,口唇发绀
口唇发绀,发热
口唇发绀,意识障碍
不寐,坐卧不安
易惊,头痛
易惊,坐卧不安
易惊,口苦
口渴,发狂
头晕,坐卧不安
头晕,发狂
头痛,坐卧不安
坐卧不安,发狂
坐卧不安,口苦
恶心,吞咽不利
恶心,皮疹
恶心,烦渴
恶心,咽痛
恶心,咽红
恶心,咽肿
吞咽不利,皮疹
吞咽不利,烦渴
吞咽不利,咽红
皮疹,咽红
皮疹,咽肿
烦渴,咽痛
烦渴,头痛
烦渴,咽红
烦渴,咽肿
咽痛,咽红
恶寒,咽红
咽红,咽肿
情绪不稳,咽喉白腐
不喜饮,咽喉白腐
汗出,谵语
汗出,咽喉白腐
汗出,咽肿
谵语,咽喉白腐
谵语,咽肿
昏迷,咽喉白腐
昏迷,咽肿
咽喉白腐,烦躁
咽喉白腐,口渴
咽喉白腐,发热
咽喉白腐,抽搐
咽喉白腐,意识障碍
咽喉白腐,咽肿
抽搐,咽肿
意识障碍,咽肿
咽痛,咽喉糜烂
咽痛,皮肤脱屑
咽痛,纳差
咽喉糜烂,皮肤脱屑
咽喉糜烂,发热
咽喉糜烂,纳差
皮肤脱屑,发热
皮肤脱屑,纳差
皮疹,水痘
咳嗽,水痘
咳嗽,皮肤水疱
流鼻涕,水痘
流鼻涕,皮肤水疱
喷嚏,水痘
喷嚏,头痛
喷嚏,皮肤水疱
水痘,头痛
水痘,指纹紫
水痘,发热
水痘,鼻塞
水痘,皮肤水疱
头痛,皮肤水疱
指纹紫,皮肤水疱
发热,皮肤水疱
鼻塞,皮肤水疱
口疮,皮疹
口疮,水痘
口疮,皮肤水疱
情绪不稳,水痘
情绪不稳,皮肤水疱
指纹暗,水痘
指纹暗,皮肤水疱
唇色红,水痘
唇色红,皮肤水疱
烦躁,水痘
烦躁,皮肤水疱
口渴,水痘
口渴,皮肤水疱
水痘,尿黄
水痘,尿短
尿黄,皮肤水疱
尿短,皮肤水疱
丹毒,皮疹
丹毒,多啼
丹毒,指纹浮
丹毒,皮肤斑块
丹毒,头痛
丹毒,指纹紫
丹毒,尿黄
丹毒,恶寒
丹毒,发热
丹毒,肢体痛
丹毒,便秘
丹毒,抽搐
丹毒,眵多
皮疹,多啼
多啼,指纹浮
多啼,皮肤斑块
多啼,头痛
多啼,指纹紫
多啼,尿黄
多啼,恶寒
多啼,发热
多啼,肢体痛
多啼,便秘
多啼,抽搐
多啼,眵多
指纹浮,皮肤斑块
指纹浮,眵多
皮肤斑块,指纹紫
皮肤斑块,恶寒
皮肤斑块,肢体痛
皮肤斑块,眵多
头痛,眵多
尿黄,眵多
恶寒,眵多
肢体痛,眵多
便秘,眵多
抽搐,眵多
情绪不稳,丹毒
情绪不稳,胸胀
情绪不稳,目瞪
呼吸困难,丹毒
呼吸困难,胸胀
呼吸困难,皮肤斑块
呼吸困难,唇燥
呼吸困难,啼哭
呼吸困难,目瞪
丹毒,指纹暗
丹毒,鼻翼煽动
丹毒,昏迷
丹毒,胸胀
丹毒,烦躁
丹毒,口渴
丹毒,意识障碍
丹毒,唇燥
丹毒,腹胀
丹毒,啼哭
丹毒,目瞪
指纹暗,鼻翼煽动
指纹暗,胸胀
指纹暗,皮肤斑块
指纹暗,唇燥
指纹暗,目瞪
皮疹,胸胀
皮疹,唇燥
皮疹,啼哭
皮疹,目瞪
鼻翼煽动,胸胀
鼻翼煽动,皮肤斑块
鼻翼煽动,指纹紫
鼻翼煽动,唇燥
鼻翼煽动,腹胀
鼻翼煽动,啼哭
鼻翼煽动,目瞪
昏迷,胸胀
昏迷,唇燥
昏迷,啼哭
昏迷,目瞪
胸胀,烦躁
胸胀,皮肤斑块
胸胀,指纹紫
胸胀,意识障碍
胸胀,唇燥
胸胀,啼哭
胸胀,目瞪
烦躁,目瞪
口渴,目瞪
皮肤斑块,唇燥
皮肤斑块,啼哭
皮肤斑块,目瞪
指纹紫,唇燥
指纹紫,目瞪
发热,目瞪
意识障碍,唇燥
意识障碍,啼哭
意识障碍,目瞪
唇燥,腹胀
唇燥,啼哭
唇燥,目瞪
腹胀,啼哭
腹胀,目瞪
啼哭,目瞪
情绪不稳,皮肤坏死
丹毒,皮肤坏死
丹毒,呕吐
指纹暗,皮肤坏死
皮疹,皮肤坏死
皮疹,呕吐
昏迷,皮肤坏死
烦躁,皮肤坏死
皮肤坏死,皮肤斑块
皮肤坏死,指纹紫
皮肤坏死,呕吐
皮肤坏死,发热
皮肤坏死,意识障碍
皮肤斑块,呕吐
指纹红,顿咳
指纹红,目浮肿
咳嗽,顿咳
咳嗽,唇色白
咳嗽,目浮肿
咳痰,顿咳
咳痰,唇色白
咳痰,目浮肿
顿咳,唇色白
顿咳,面赤
顿咳,目浮肿
唇色白,面赤
唇色白,目浮肿
目赤,流泪
目赤,顿咳
目赤,鼻衄
目赤,握拳
目赤,咳血
指纹暗,流泪
指纹暗,咳痰
指纹暗,流鼻涕
指纹暗,顿咳
指纹暗,鼻衄
指纹暗,握拳
指纹暗,咳血
咳嗽,流泪
咳嗽,鼻衄
咳嗽,握拳
流泪,咳痰
流泪,流鼻涕
流泪,顿咳
流泪,鼻衄
流泪,指纹紫
流泪,握拳
流泪,面赤
流泪,咳血
咳痰,鼻衄
咳痰,握拳
流鼻涕,顿咳
流鼻涕,鼻衄
流鼻涕,握拳
流鼻涕,面赤
流鼻涕,咳血
顿咳,鼻衄
顿咳,指纹紫
顿咳,握拳
顿咳,咳血
鼻衄,指纹紫
鼻衄,握拳
鼻衄,咳血
指纹紫,握拳
指纹紫,咳血
握拳,面赤
握拳,咳血
口疮,目赤
口疮,易惊
口疮,喃喃自语
口疮,言笑
目赤,易惊
目赤,喃喃自语
目赤,言笑
易惊,喃喃自语
易惊,喜冷
喃喃自语,喜冷
喃喃自语,烦躁
喃喃自语,口渴
喃喃自语,面赤
喃喃自语,言笑
喜冷,言笑
口渴,言笑
面赤,言笑
声音不扬,指纹淡
声音不扬,唇色淡
声音不扬,面白
咳嗽,指纹淡
咳嗽,唇色淡
咳痰,指纹淡
咳痰,唇色淡
咳痰,面白
指纹淡,唇色淡
呼吸急促,唇色淡
唇色淡,纳差
唇色淡,便溏
唇色淡,面白
咀嚼不便,咳嗽
咀嚼不便,痄腮
咀嚼不便,头痛
咀嚼不便,恶寒
咀嚼不便,发热
咀嚼不便,腮肿
咀嚼不便,口闭
咀嚼不便,腮痛
咳嗽,痄腮
咳嗽,腮肿
咳嗽,口闭
咳嗽,腮痛
痄腮,头痛
痄腮,恶寒
痄腮,发热
痄腮,腮肿
痄腮,口闭
痄腮,腮痛
头痛,腮肿
头痛,口闭
头痛,腮痛
恶寒,腮肿
恶寒,口闭
恶寒,腮痛
发热,腮肿
发热,口闭
发热,腮痛
腮肿,口闭
腮肿,腮痛
口闭,腮痛
吞咽不利,咀嚼不便
吞咽不利,痄腮
吞咽不利,呕吐
吞咽不利,尿短
吞咽不利,纳差
吞咽不利,腮肿
情绪不稳,咀嚼不便
情绪不稳,痄腮
情绪不稳,恶寒
情绪不稳,腮肿
咀嚼不便,烦躁
咀嚼不便,口渴
咀嚼不便,呕吐
咀嚼不便,尿黄
咀嚼不便,尿短
咀嚼不便,纳差
咀嚼不便,便秘
咀嚼不便,咽肿
痄腮,烦躁
痄腮,口渴
痄腮,呕吐
痄腮,尿黄
痄腮,尿短
痄腮,纳差
痄腮,便秘
痄腮,咽肿
烦躁,恶寒
烦躁,腮肿
口渴,腮肿
呕吐,腮肿
呕吐,咽肿
尿黄,腮肿
尿短,腮肿
尿短,咽肿
纳差,腮肿
纳差,咽肿
便秘,腮肿
腮肿,咽肿
项背僵直,痄腮
痄腮,昏迷
痄腮,抽搐
痄腮,意识障碍
痄腮,嗜睡
腹痛,痄腮
腹痛,腹部紧张
腹痛,睾丸痛
腹痛,睾丸肿
痄腮,腹部紧张
痄腮,睾丸痛
痄腮,睾丸肿
腹部紧张,发热
腹部紧张,睾丸痛
腹部紧张,睾丸肿
发热,睾丸痛
发热,睾丸肿
睾丸痛,睾丸肿
情绪不稳,不可转侧
情绪不稳,不食
情绪不稳,啼叫
指纹暗,不可转侧
唇色红,不可转侧
唇色红,不食
唇色红,啼叫
啼哭,不可转侧
啼哭,大便臭
不可转侧,不食
不可转侧,烦躁
不可转侧,口渴
不可转侧,指纹紫
不可转侧,尿黄
不可转侧,面赤
不可转侧,发热
不可转侧,尿短
不可转侧,啼叫
不可转侧,大便臭
不食,烦躁
不食,面赤
不食,啼叫
烦躁,啼叫
口渴,啼叫
啼叫,大便臭
情绪不稳,吮乳受阻
手足发热,吮乳受阻
手足发热,不可转侧
手足发热,呼吸急促
汗出,吮乳受阻
汗出,不可转侧
指纹暗,吮乳受阻
指纹暗,尿少
吮乳受阻,不可转侧
吮乳受阻,尿少
吮乳受阻,烦躁
吮乳受阻,口渴
吮乳受阻,呼吸急促
吮乳受阻,面赤
吮乳受阻,尿短
吮乳受阻,发热
吮乳受阻,便秘
吮乳受阻,盗汗
不可转侧,尿少
不可转侧,呼吸急促
不可转侧,便秘
不可转侧,盗汗
尿少,呼吸急促
尿少,盗汗
口疮,牙龈红肿
口疮,口中发热
口疮,啼哭
口疮,口唇肿
情绪不稳,牙龈红肿
情绪不稳,口中发热
情绪不稳,口唇肿
指纹暗,牙龈红肿
指纹暗,口唇肿
烦躁,牙龈红肿
烦躁,口中发热
烦躁,口唇肿
口渴,牙龈红肿
口渴,口中发热
口渴,口唇肿
指纹紫,牙龈红肿
指纹紫,口中发热
指纹紫,口唇肿
尿黄,牙龈红肿
尿黄,口中发热
尿黄,口唇肿
面赤,牙龈红肿
面赤,口中发热
面赤,口唇肿
牙龈红肿,发热
牙龈红肿,尿短
牙龈红肿,口中发热
牙龈红肿,啼哭
牙龈红肿,口唇肿
牙龈红肿,大便臭
发热,口中发热
发热,口唇肿
尿短,口中发热
尿短,口唇肿
口中发热,啼哭
口中发热,口唇肿
啼哭,口唇肿
口唇肿,大便臭
口渴,少言
面赤,少言
不渴,便秘
不渴,盗汗
不渴,便溏
不渴,少言
不渴,面白
便秘,面白
盗汗,少言
盗汗,面白
情绪不稳,面青
情绪不稳,喜食异物
情绪不稳,面暗
面青,易饥
面青,牙痛
面青,烦躁
面青,口渴
面青,多饮
面青,喜食异物
面青,口臭
易饥,牙痛
易饥,多饮
易饥,喜食异物
易饥,面暗
牙痛,喜食异物
牙痛,面暗
烦躁,喜食异物
烦躁,面暗
口渴,喜食异物
多饮,喜食异物
多饮,面暗
喜食异物,面暗
喜食异物,便秘
喜食异物,口臭
面暗,便秘
面暗,口臭
爪白,胁胀
爪白,面白
胁胀,面白
肢肿,食而不化
肢肿,发少
肢肿,消瘦
肢肿,唇色白
肢肿,面色不荣
肢肿,喜食异物
肢肿,尿不利
肢肿,面黄
食而不化,发少
食而不化,消瘦
食而不化,下肢无力
食而不化,唇色白
食而不化,乏力
食而不化,面浮肿
食而不化,面色不荣
食而不化,喜食异物
食而不化,尿不利
食而不化,纳差
食而不化,面黄
食而不化,便溏
发少,消瘦
发少,下肢无力
发少,唇色白
发少,乏力
发少,面浮肿
发少,面色不荣
发少,喜食异物
发少,尿不利
发少,纳差
发少,面黄
发少,便溏
消瘦,面浮肿
消瘦,喜食异物
下肢无力,唇色白
下肢无力,面浮肿
下肢无力,喜食异物
下肢无力,尿不利
唇色白,面浮肿
唇色白,喜食异物
唇色白,尿不利
乏力,喜食异物
面浮肿,面色不荣
面浮肿,喜食异物
面浮肿,尿不利
面色不荣,喜食异物
面色不荣,尿不利
喜食异物,尿不利
喜食异物,纳差
喜食异物,面黄
喜食异物,便溏
尿不利,面黄
情绪不稳,大便不调
情绪不稳,嗜咬爪甲
情绪不稳,偏食
腹痛,皮疹
腹痛,大便不调
腹痛,喜食异物
腹痛,嗜咬爪甲
腹痛,偏食
皮疹,大便不调
皮疹,喜食异物
皮疹,嗜咬爪甲
皮疹,偏食
腹胀,面色不荣
腹胀,喜食异物
腹胀,嗜咬爪甲
腹胀,偏食
消瘦,嗜咬爪甲
消瘦,偏食
烦躁,大便不调
烦躁,嗜咬爪甲
烦躁,偏食
大便不调,面色不荣
大便不调,喜食异物
大便不调,嗜咬爪甲
大便不调,偏食
面色不荣,嗜咬爪甲
面色不荣,偏食
喜食异物,嗜咬爪甲
喜食异物,偏食
嗜咬爪甲,面黄
嗜咬爪甲,偏食
面黄,偏食
情绪不稳,少笑
情绪不稳,多哭
少笑,善太息
少笑,抑郁
少笑,烦躁
少笑,神情呆滞
少笑,多哭
少笑,喜食异物
少笑,纳差
少笑,胸闷
少笑,面黄
善太息,神情呆滞
善太息,多哭
善太息,喜食异物
善太息,面黄
抑郁,神情呆滞
抑郁,多哭
抑郁,喜食异物
抑郁,面黄
烦躁,多哭
神情呆滞,多哭
神情呆滞,喜食异物
多哭,喜食异物
多哭,纳差
多哭,胸闷
多哭,面黄
喜食异物,胸闷
胸闷,面黄
唇色红,唇色暗
唇色红,面黄
唇色暗,发热
唇色暗,便秘
唇色暗,面黄
时舔口唇,消瘦
时舔口唇,口渴
时舔口唇,多饮
时舔口唇,唇色淡
时舔口唇,便溏
消瘦,多饮
消瘦,唇色淡
口渴,唇色淡
多饮,唇色淡
胸部汗多,汗出
胸部汗多,自汗
胸部汗多,头汗
胸部汗多,肢冷
胸部汗多,乏力
胸部汗多,面色不荣
胸部汗多,盗汗
汗出,头汗
自汗,头汗
自汗,肢冷
自汗,面色不荣
头汗,肢冷
头汗,乏力
头汗,面色不荣
头汗,盗汗
肢冷,面色不荣
肢冷,盗汗
手足发热,唇燥
汗出,唇燥
不寐,唇燥
消瘦,唇燥
唇燥,盗汗
腹痛,自汗
腹痛,头汗
腹痛,易惊
腹痛,盗汗
腹痛,尿浑浊
汗出,口臭
自汗,易惊
自汗,便溏
自汗,消瘦
自汗,尿浑浊
自汗,口臭
头汗,易惊
头汗,便溏
头汗,腹胀
头汗,消瘦
头汗,尿黄
头汗,便秘
头汗,面黄
头汗,尿浑浊
头汗,口臭
易惊,腹胀
易惊,面黄
易惊,尿浑浊
易惊,口臭
消瘦,口臭
面黄,口臭
盗汗,口臭
尿浑浊,口臭
四肢麻木,立延迟
四肢麻木,乳牙延迟
四肢麻木,盗汗
四肢麻木,智力低下
四肢麻木,发热
四肢麻木,囟门宽大
四肢麻木,容貌痴愚
四肢麻木,面色不荣
四肢麻木,口流清涎
四肢麻木,坐迟
四肢麻木,视物模糊
四肢麻木,手足发热
四肢麻木,汗出
四肢麻木,耳聋
四肢麻木,发育迟缓
四肢麻木,视力受损
四肢麻木,活动不利
四肢麻木,精神恍惚
四肢麻木,肢体痿弱
四肢麻木,面赤
四肢麻木,言语迟钝
耳鸣,立延迟
耳鸣,乳牙延迟
耳鸣,智力低下
耳鸣,囟门宽大
耳鸣,容貌痴愚
耳鸣,面色不荣
耳鸣,口流清涎
耳鸣,坐迟
耳鸣,发育迟缓
耳鸣,活动不利
耳鸣,精神恍惚
耳鸣,肢体痿弱
耳鸣,言语迟钝
立延迟,乳牙延迟
立延迟,盗汗
立延迟,智力低下
立延迟,发热
立延迟,囟门宽大
立延迟,容貌痴愚
立延迟,面色不荣
立延迟,感觉异常
立延迟,口流清涎
立延迟,坐迟
立延迟,视物模糊
立延迟,手足发热
立延迟,汗出
立延迟,耳聋
立延迟,发育迟缓
立延迟,视力受损
立延迟,活动不利
立延迟,精神恍惚
立延迟,肢体痿弱
立延迟,头晕
立延迟,面赤
立延迟,言语迟钝
乳牙延迟,盗汗
乳牙延迟,智力低下
乳牙延迟,发热
乳牙延迟,囟门宽大
乳牙延迟,容貌痴愚
乳牙延迟,面色不荣
乳牙延迟,感觉异常
乳牙延迟,口流清涎
乳牙延迟,坐迟
乳牙延迟,视物模糊
乳牙延迟,手足发热
乳牙延迟,汗出
乳牙延迟,耳聋
乳牙延迟,发育迟缓
乳牙延迟,视力受损
乳牙延迟,活动不利
乳牙延迟,精神恍惚
乳牙延迟,肢体痿弱
乳牙延迟,头晕
乳牙延迟,面赤
乳牙延迟,言语迟钝
盗汗,智力低下
盗汗,囟门宽大
盗汗,容貌痴愚
盗汗,感觉异常
盗汗,口流清涎
盗汗,坐迟
盗汗,发育迟缓
盗汗,活动不利
盗汗,精神恍惚
盗汗,肢体痿弱
智力低下,发热
智力低下,囟门宽大
智力低下,容貌痴愚
智力低下,面色不荣
智力低下,感觉异常
智力低下,坐迟
智力低下,手足发热
智力低下,汗出
智力低下,耳聋
智力低下,发育迟缓
智力低下,活动不利
智力低下,精神恍惚
智力低下,肢体痿弱
智力低下,面赤
智力低下,言语迟钝
发热,囟门宽大
发热,容貌痴愚
发热,感觉异常
发热,坐迟
发热,发育迟缓
发热,活动不利
发热,肢体痿弱
发热,言语迟钝
囟门宽大,容貌痴愚
囟门宽大,面色不荣
囟门宽大,感觉异常
囟门宽大,口流清涎
囟门宽大,坐迟
囟门宽大,视物模糊
囟门宽大,手足发热
囟门宽大,汗出
囟门宽大,耳聋
囟门宽大,发育迟缓
囟门宽大,视力受损
囟门宽大,活动不利
囟门宽大,精神恍惚
囟门宽大,肢体痿弱
囟门宽大,头晕
囟门宽大,面赤
囟门宽大,言语迟钝
容貌痴愚,面色不荣
容貌痴愚,感觉异常
容貌痴愚,口流清涎
容貌痴愚,坐迟
容貌痴愚,视物模糊
容貌痴愚,手足发热
容貌痴愚,汗出
容貌痴愚,耳聋
容貌痴愚,发育迟缓
容貌痴愚,视力受损
容貌痴愚,活动不利
容貌痴愚,精神恍惚
容貌痴愚,肢体痿弱
容貌痴愚,头晕
容貌痴愚,面赤
容貌痴愚,言语迟钝
面色不荣,感觉异常
面色不荣,口流清涎
面色不荣,坐迟
面色不荣,耳聋
面色不荣,发育迟缓
面色不荣,活动不利
面色不荣,肢体痿弱
面色不荣,言语迟钝
感觉异常,坐迟
感觉异常,手足发热
感觉异常,汗出
感觉异常,耳聋
感觉异常,发育迟缓
感觉异常,活动不利
感觉异常,精神恍惚
感觉异常,肢体痿弱
感觉异常,面赤
感觉异常,言语迟钝
口流清涎,坐迟
口流清涎,手足发热
口流清涎,汗出
口流清涎,耳聋
口流清涎,发育迟缓
口流清涎,活动不利
口流清涎,肢体痿弱
口流清涎,言语迟钝
坐迟,视物模糊
坐迟,手足发热
坐迟,汗出
坐迟,耳聋
坐迟,发育迟缓
坐迟,视力受损
坐迟,活动不利
坐迟,精神恍惚
坐迟,肢体痿弱
坐迟,头晕
坐迟,面赤
坐迟,言语迟钝
视物模糊,发育迟缓
视物模糊,活动不利
视物模糊,精神恍惚
视物模糊,肢体痿弱
视物模糊,言语迟钝
手足发热,耳聋
手足发热,发育迟缓
手足发热,活动不利
手足发热,肢体痿弱
手足发热,言语迟钝
汗出,发育迟缓
汗出,活动不利
汗出,精神恍惚
汗出,肢体痿弱
耳聋,发育迟缓
耳聋,活动不利
耳聋,精神恍惚
耳聋,肢体痿弱
耳聋,言语迟钝
发育迟缓,视力受损
发育迟缓,活动不利
发育迟缓,精神恍惚
发育迟缓,肢体痿弱
发育迟缓,头晕
发育迟缓,面赤
发育迟缓,言语迟钝
视力受损,活动不利
视力受损,精神恍惚
视力受损,肢体痿弱
视力受损,言语迟钝
活动不利,精神恍惚
活动不利,肢体痿弱
活动不利,头晕
活动不利,面赤
活动不利,言语迟钝
精神恍惚,肢体痿弱
精神恍惚,面赤
精神恍惚,言语迟钝
肢体痿弱,头晕
肢体痿弱,面赤
肢体痿弱,言语迟钝
头晕,言语迟钝
面赤,言语迟钝
口淡,不喜饮
口淡,肢冷
口淡,头重
口粘,肢冷
口粘,头重
口粘,恶寒
口粘,便溏
腹痛,头重
肢冷,头重
头重,恶寒
头重,腹胀
口疮,谵语
口疮,善喜
口疮,发笑
情绪不稳,善喜
情绪不稳,发笑
谵语,喜冷
谵语,面赤
谵语,善喜
谵语,发笑
喜冷,善喜
喜冷,发笑
烦躁,善喜
烦躁,发笑
口渴,善喜
口渴,发笑
面赤,善喜
面赤,发笑
善喜,发笑
智力低下,言语不利
智力低下,发少
智力低下,神情呆滞
智力低下,唇色淡
智力低下,指甲色淡
智力低下,面白
言语不利,发少
言语不利,神情呆滞
言语不利,言语迟钝
言语不利,唇色淡
言语不利,指甲色淡
言语不利,面白
发少,神情呆滞
发少,言语迟钝
发少,唇色淡
发少,指甲色淡
发少,面白
神情呆滞,言语迟钝
神情呆滞,唇色淡
神情呆滞,指甲色淡
言语迟钝,唇色淡
言语迟钝,指甲色淡
言语迟钝,面白
唇色淡,指甲色淡
指甲色淡,面白
大便失禁,言语错乱
大便失禁,饥饱不知
大便失禁,肢软
智力低下,言语错乱
智力低下,饥饱不知
智力低下,肢软
言语错乱,尿失禁
言语错乱,饥饱不知
言语错乱,面暗
言语错乱,肢软
尿失禁,饥饱不知
尿失禁,肢软
饥饱不知,面暗
饥饱不知,肢软
面暗,肢软
蹲坐困难,智力低下
蹲坐困难,产伤
蹲坐困难,反应迟钝
蹲坐困难,痫
蹲坐困难,神情呆滞
蹲坐困难,活动不利
蹲坐困难,乏力
蹲坐困难,关节僵硬
蹲坐困难,关节不利
智力低下,产伤
智力低下,反应迟钝
智力低下,乏力
智力低下,关节僵硬
智力低下,关节不利
产伤,反应迟钝
产伤,痫
产伤,神情呆滞
产伤,活动不利
产伤,乏力
产伤,关节僵硬
产伤,关节不利
反应迟钝,痫
反应迟钝,神情呆滞
反应迟钝,活动不利
反应迟钝,乏力
反应迟钝,关节僵硬
反应迟钝,关节不利
痫,神情呆滞
痫,活动不利
痫,关节僵硬
痫,关节不利
神情呆滞,活动不利
神情呆滞,关节僵硬
神情呆滞,关节不利
活动不利,乏力
活动不利,关节僵硬
活动不利,关节不利
乏力,关节僵硬
关节僵硬,关节不利
吞咽不利,喉中有痰
吞咽不利,智力低下
吞咽不利,耳聋
吞咽不利,言语不利
吞咽不利,肢体强直
吞咽不利,反应迟钝
吞咽不利,痫
喉中有痰,智力低下
喉中有痰,耳聋
喉中有痰,言语不利
喉中有痰,肢体强直
喉中有痰,反应迟钝
喉中有痰,痫
智力低下,肢体强直
耳聋,言语不利
耳聋,肢体强直
耳聋,反应迟钝
耳聋,痫
言语不利,肢体强直
言语不利,反应迟钝
言语不利,痫
肢体强直,反应迟钝
肢体强直,痫
咽干,多尿
咽干,多饮
咽干,尿甜
消渴,多尿
消渴,多饮
消渴,尿失禁
消渴,尿频
消渴,尿甜
多尿,口渴
多尿,多饮
多尿,尿黄
多尿,尿甜
口渴,尿失禁
口渴,尿甜
多饮,尿失禁
多饮,尿频
多饮,尿甜
尿失禁,尿黄
尿失禁,尿甜
尿黄,尿甜
尿频,尿甜
消渴,牙痛
消渴,消瘦
消渴,多食
口臭,多尿
口臭,多食
口臭,尿甜
易饥,多尿
易饥,多食
易饥,口苦
易饥,尿甜
多尿,牙痛
多尿,消瘦
多尿,多食
多尿,便秘
多尿,口苦
牙痛,消瘦
牙痛,多食
牙痛,尿甜
消瘦,多食
消瘦,口苦
消瘦,尿甜
口渴,多食
多饮,多食
多食,便秘
多食,口苦
多食,尿甜
便秘,尿甜
口苦,尿甜
消渴,不喜饮
消渴,腰酸
消渴,肌肤甲错
消渴,尿清
消渴,面黑
消渴,尿浑浊
不喜饮,消瘦
不喜饮,面黑
不喜饮,尿浑浊
腰酸,肌肤甲错
腰酸,面黑
消瘦,肌肤甲错
消瘦,面黑
肌肤甲错,尿频
肌肤甲错,尿清
肌肤甲错,面黑
肌肤甲错,尿浑浊
口渴,面黑
尿频,面黑
尿频,尿浑浊
尿清,面黑
面黑,尿浑浊
恶心,消渴
恶心,唇色红
恶心,多尿
恶心,尿频
恶心,口有异味
呼吸困难,消渴
呼吸困难,烦渴
呼吸困难,多尿
呼吸困难,尿频
呼吸困难,口有异味
消渴,烦渴
消渴,肢冷
消渴,头痛
消渴,口有异味
消渴,意识障碍
唇色红,烦渴
唇色红,多尿
唇色红,消瘦
唇色红,肢冷
唇色红,口有异味
烦渴,多尿
烦渴,消瘦
烦渴,口渴
烦渴,肢冷
烦渴,面赤
烦渴,尿频
烦渴,口有异味
多尿,肢冷
多尿,头痛
多尿,面赤
多尿,口有异味
多尿,意识障碍
消瘦,肢冷
消瘦,头痛
消瘦,口有异味
口渴,口有异味
肢冷,面赤
肢冷,口有异味
头痛,尿频
头痛,口有异味
面赤,口有异味
尿频,口有异味
尿频,意识障碍
口有异味,意识障碍
消渴,无汗
消渴,发热
多尿,无汗
多尿,发热
月经先期,乳头色晕沉着
月经先期,男童生殖器增大
月经先期,女童乳房增大
月经先期,白带量多
月经先期,阴茎勃起
汗出,乳头色晕沉着
汗出,男童生殖器增大
汗出,女童乳房增大
汗出,白带量多
汗出,阴茎勃起
乳头色晕沉着,男童生殖器增大
乳头色晕沉着,口渴
乳头色晕沉着,女童乳房增大
乳头色晕沉着,白带量多
乳头色晕沉着,面赤
乳头色晕沉着,发热
乳头色晕沉着,阴茎勃起
乳头色晕沉着,便秘
乳头色晕沉着,盗汗
男童生殖器增大,口渴
男童生殖器增大,女童乳房增大
男童生殖器增大,白带量多
男童生殖器增大,面赤
男童生殖器增大,发热
男童生殖器增大,阴茎勃起
男童生殖器增大,便秘
男童生殖器增大,盗汗
口渴,女童乳房增大
口渴,阴茎勃起
女童乳房增大,白带量多
女童乳房增大,面赤
女童乳房增大,发热
女童乳房增大,阴茎勃起
女童乳房增大,便秘
女童乳房增大,盗汗
白带量多,面赤
白带量多,阴茎勃起
白带量多,盗汗
面赤,阴茎勃起
发热,阴茎勃起
阴茎勃起,便秘
阴茎勃起,盗汗
情绪不稳,狂笑
不寐,善喜
不寐,狂笑
烦躁,狂笑
善喜,口流清涎
善喜,口苦
善喜,狂笑
善喜,精神恍惚
口流清涎,狂笑
口苦,狂笑
狂笑,精神恍惚
咽干,乳房膨大
咽干,遗精
咽干,阴茎勃起
情绪不稳,乳房膨大
情绪不稳,遗精
情绪不稳,阴茎勃起
乳房膨大,不寐
乳房膨大,声低
乳房膨大,烦躁
乳房膨大,白带量多
乳房膨大,尿黄
乳房膨大,遗精
乳房膨大,尿短
乳房膨大,阴茎勃起
乳房膨大,口苦
不寐,阴茎勃起
声低,白带量多
声低,尿黄
声低,遗精
声低,尿短
声低,阴茎勃起
声低,口苦
烦躁,遗精
烦躁,阴茎勃起
白带量多,尿短
尿黄,遗精
尿黄,阴茎勃起
遗精,尿短
遗精,阴茎勃起
遗精,口苦
尿短,阴茎勃起
阴茎勃起,口苦
情绪不稳,阴毛提前
乳房膨大,善太息
乳房膨大,抑郁
乳房膨大,纳差
乳房膨大,胸闷
乳房膨大,阴毛提前
善太息,阴毛提前
抑郁,阴毛提前
烦躁,阴毛提前
纳差,阴毛提前
胸闷,阴毛提前
恶心,乳房结块
恶心,少动
恶心,面色不荣
肥胖,乳房结块
肥胖,少动
肥胖,面色不荣
肥胖,少言
乳房结块,白带量多
乳房结块,少动
乳房结块,乏力
乳房结块,面色不荣
乳房结块,少言
白带量多,少动
少动,乏力
少动,胸闷
面色不荣,胸闷
胸闷,少言
腹泻,唇紫
腹泻,额冷
腹痛,唇紫
腹痛,额冷
汗出,唇紫
汗出,肠鸣
汗出,额冷
足冷,唇紫
足冷,额冷
唇紫,肠鸣
唇紫,手冷
唇紫,呕吐
唇紫,额冷
唇紫,面白
肠鸣,呕吐
肠鸣,额冷
手冷,额冷
呕吐,额冷
额冷,面白
腹泻,不寐
腹泻,吞酸
腹痛,吞酸
不寐,吞酸
不寐,不食
不寐,呕吐
吞酸,不食
吞酸,啼哭
不食,嗳气
嗳气,啼哭
情绪不稳,哭闹
腹痛,哭闹
腹痛,饮冷
唇色红,肢体痛
唇色红,哭闹
唇色红,饮冷
烦躁,哭闹
口渴,哭闹
尿黄,哭闹
面赤,哭闹
尿短,肢体痛
尿短,哭闹
肢体痛,哭闹
肢体痛,饮冷
便秘,哭闹
哭闹,饮冷
喜暖,足冷
喜暖,手冷
喜暖,乏力
喜暖,纳差
喜暖,面白
胸痛,嗳气
胸痛,矢气
腹痛,矢气
胁痛,矢气
嗳气,矢气
腹部肿块,腹痛
恶梦,太息
恶梦,性急
恶梦,胁胀
恶梦,嗳气
恶梦,善喜
恶梦,发笑
太息,性急
太息,善喜
太息,发笑
性急,善喜
性急,发笑
胁胀,善喜
胁胀,发笑
嗳气,善喜
嗳气,发笑
腹泻,食而不化
腹泻,指纹隐伏
腹泻,乏力
腹泻,时泻时止
食而不化,腹痛
食而不化,指纹隐伏
食而不化,腹胀
食而不化,露睛
食而不化,完谷不化
食而不化,时泻时止
腹痛,指纹隐伏
腹痛,时泻时止
指纹隐伏,腹胀
指纹隐伏,露睛
指纹隐伏,完谷不化
指纹隐伏,面黄
指纹隐伏,时泻时止
腹胀,露睛
腹胀,完谷不化
腹胀,时泻时止
露睛,乏力
露睛,纳差
露睛,时泻时止
乏力,完谷不化
乏力,时泻时止
纳差,完谷不化
纳差,时泻时止
完谷不化,面黄
完谷不化,便溏
完谷不化,时泻时止
面黄,时泻时止
便溏,时泻时止
喜饮,呕吐
喜饮,腹胀
囟门下陷,足冷
囟门下陷,神情呆滞
囟门下陷,手冷
囟门下陷,呕吐
囟门下陷,嗜睡
神情呆滞,嗜睡
恶心,手足发热
手足发热,呕吐
腹痛,指纹青
腹痛,少动
足冷,腹部喜按
足冷,少动
腹部喜按,手冷
腹部喜按,指纹青
腹部喜按,乏力
腹部喜按,呕吐
腹部喜按,少动
腹部喜按,便溏
腹部喜按,面白
手冷,少动
指纹青,乏力
指纹青,呕吐
指纹青,少动
指纹青,便溏
呕吐,少动
情绪不稳,面乍青乍白
易惊,呕吐
烦躁,面乍青乍白
面乍青乍白,呕吐
汗出,遗精
汗出,善喜
腰酸,善喜
耳鸣,遗精
耳鸣,善喜
头晕,善喜
遗精,发热
遗精,善喜
遗精,盗汗
发热,善喜
善喜,盗汗
恶心,厌食
恶心,食不知味
厌食,脘痞
厌食,嗳气
厌食,食不知味
厌食,纳差
厌食,胸闷
脘痞,消瘦
脘痞,食不知味
便秘,食不知味
消瘦,嗳气
消瘦,食不知味
不食,食不知味
不食,胸闷
嗳气,食不知味
食不知味,纳差
食不知味,胸闷
汗出,完谷不化
汗出,易感冒
不食,面色不荣
不食,完谷不化
不食,易感冒
乏力,易感冒
面色不荣,厌食
面色不荣,易感冒
纳差,易感冒
完谷不化,厌食
完谷不化,易感冒
厌食,易感冒
便溏,易感冒
手足发热,不食
手足发热,多饮
手足发热,皮肤干燥
不寐,多饮
厌食,尿少
厌食,口渴
厌食,多饮
厌食,皮肤干燥
不食,尿少
不食,皮肤干燥
尿少,多饮
尿少,面黄
尿少,皮肤干燥
多饮,面黄
多饮,皮肤干燥
手足发热,吞酸
手足发热,口酸
手足发热,嗳气
手足发热,腹部拒按
手足发热,纳差
手足发热,伤乳积滞
手足发热,大便臭
腹痛,口酸
腹痛,伤乳积滞
不寐,口酸
不寐,腹部拒按
不寐,伤乳积滞
吞酸,指纹暗
吞酸,口酸
吞酸,腹部拒按
吞酸,指纹紫
吞酸,发热
吞酸,便秘
吞酸,腹胀
吞酸,伤乳积滞
吞酸,大便臭
指纹暗,口酸
指纹暗,嗳气
指纹暗,伤乳积滞
不食,口酸
不食,伤乳积滞
口酸,腹部拒按
口酸,指纹紫
口酸,发热
口酸,纳差
口酸,便秘
口酸,腹胀
口酸,伤乳积滞
口酸,大便臭
嗳气,腹部拒按
嗳气,指纹紫
嗳气,伤乳积滞
腹部拒按,纳差
腹部拒按,腹胀
腹部拒按,伤乳积滞
腹部拒按,大便臭
指纹紫,伤乳积滞
呕吐,伤乳积滞
发热,伤乳积滞
纳差,伤乳积滞
便秘,伤乳积滞
腹胀,伤乳积滞
伤乳积滞,大便臭
吞酸,指纹红
吞酸,肢冷
吞酸,便溏
吞酸,面白
指纹红,嗳气
指纹红,呕吐
嗳气,肢冷
嗳气,面白
恶心,腹部喜按
恶心,完谷不化
恶心,指纹青
腹胀,腹部喜按
腹胀,指纹青
腹部喜按,完谷不化
腹部喜按,面黄
呕吐,完谷不化
完谷不化,指纹青
面黄,指纹青
肥胖,指纹暗
肥胖,不食
肥胖,指纹淡
肥胖,口渴
肥胖,情绪焦虑
肥胖,易哭
肥胖,疳积
肥胖,烦躁
肥胖,尿黄
肥胖,发热
肥胖,便秘
肥胖,情绪不稳
肥胖,手足发热
肥胖,不寐
肥胖,面黄
肥胖,呕吐
肥胖,发枯
肥胖,腹胀
肥胖,尿浑浊
指纹暗,情绪焦虑
指纹暗,易哭
指纹暗,疳积
指纹暗,面色不荣
不食,情绪焦虑
不食,易哭
不食,疳积
不食,发枯
不食,尿浑浊
指纹淡,情绪焦虑
指纹淡,易哭
指纹淡,疳积
指纹淡,呕吐
口渴,情绪焦虑
口渴,易哭
口渴,疳积
情绪焦虑,便溏
情绪焦虑,易哭
情绪焦虑,疳积
情绪焦虑,烦躁
情绪焦虑,尿黄
情绪焦虑,面色不荣
情绪焦虑,便秘
情绪焦虑,手足发热
情绪焦虑,面黄
情绪焦虑,呕吐
情绪焦虑,发枯
情绪焦虑,腹胀
情绪焦虑,尿浑浊
乏力,易哭
乏力,疳积
便溏,易哭
便溏,疳积
易哭,疳积
易哭,尿黄
易哭,发热
易哭,面色不荣
易哭,便秘
易哭,手足发热
易哭,不寐
易哭,面黄
易哭,消瘦
易哭,呕吐
易哭,发枯
易哭,腹胀
易哭,尿浑浊
疳积,烦躁
疳积,尿黄
疳积,发热
疳积,面色不荣
疳积,便秘
疳积,情绪不稳
疳积,手足发热
疳积,不寐
疳积,面黄
疳积,消瘦
疳积,呕吐
疳积,发枯
疳积,腹胀
疳积,尿浑浊
烦躁,发枯
尿黄,面色不荣
面色不荣,便秘
面色不荣,呕吐
面色不荣,发枯
面色不荣,尿浑浊
情绪不稳,发枯
手足发热,发枯
不寐,发枯
呕吐,尿浑浊
发枯,尿浑浊
食而不化,足冷
食而不化,不寐
食而不化,疳积
食而不化,指纹淡
食而不化,手冷
食而不化,发枯
食而不化,啼哭
食而不化,形容憔悴
食而不化,哭声低微
足冷,疳积
足冷,发枯
足冷,形容憔悴
不寐,露睛
不寐,形容憔悴
不寐,哭声低微
疳积,手冷
疳积,唇色白
疳积,露睛
疳积,纳差
疳积,啼哭
疳积,形容憔悴
疳积,哭声低微
腹胀,唇色白
腹胀,形容憔悴
腹胀,哭声低微
指纹淡,形容憔悴
手冷,发枯
手冷,形容憔悴
唇色白,露睛
唇色白,发枯
唇色白,啼哭
唇色白,形容憔悴
露睛,发枯
露睛,啼哭
露睛,形容憔悴
乏力,啼哭
乏力,形容憔悴
发枯,啼哭
发枯,形容憔悴
发枯,哭声低微
纳差,形容憔悴
纳差,哭声低微
面黄,形容憔悴
啼哭,形容憔悴
形容憔悴,哭声低微
尿痛,尿热
尿痛,尿血
尿痛,哭闹
尿痛,尿不尽
尿痛,腰痛
尿痛,口粘
尿痛,恶寒
尿痛,尿短
尿痛,肢体痛
尿热,哭闹
尿热,尿不尽
尿热,发热
尿热,腰痛
尿热,口粘
尿热,尿少
尿热,尿急
尿热,恶寒
尿热,尿短
尿热,尿频
尿热,肢体痛
尿热,腹胀
尿热,尿浑浊
口渴,尿不尽
尿血,哭闹
尿血,尿不尽
尿血,腰痛
尿血,口粘
尿血,尿少
尿血,尿急
尿血,恶寒
尿血,尿短
尿血,尿频
尿血,肢体痛
尿血,腹胀
尿血,尿浑浊
哭闹,尿不尽
哭闹,发热
哭闹,腰痛
哭闹,口粘
哭闹,尿少
哭闹,尿急
哭闹,恶寒
哭闹,尿频
哭闹,腹胀
哭闹,尿浑浊
尿不尽,尿黄
尿不尽,发热
尿不尽,便秘
尿不尽,腰痛
尿不尽,口粘
尿不尽,尿少
尿不尽,尿急
尿不尽,恶寒
尿不尽,尿短
尿不尽,肢体痛
尿不尽,尿浑浊
尿黄,尿急
发热,尿急
腰痛,口粘
腰痛,尿急
腰痛,尿短
腰痛,尿浑浊
口粘,尿急
口粘,肢体痛
口粘,尿浑浊
尿少,尿急
尿急,恶寒
尿急,尿短
尿急,肢体痛
尿急,腹胀
尿急,尿浑浊
恶寒,尿浑浊
尿短,尿频
尿短,尿浑浊
肢体痛,尿浑浊
情绪不稳,尿急
恶心,腰酸
恶心,尿痛
恶心,胁痛
恶心,尿急
腰酸,尿急
尿痛,胁痛
尿少,胁痛
胁痛,尿急
胁痛,尿频
烦躁,尿急
尿急,纳差
喃喃自语,生活懒散
喃喃自语,善喜
喃喃自语,喜静
呼吸急促,生活懒散
呼吸急促,善喜
呼吸急促,喜静
生活懒散,善喜
生活懒散,喜静
善喜,喜静
肌肉松弛,不能自制
肌肉松弛,尿少
肌肉松弛,面色不荣
肌肉松弛,尿频
肌肉松弛,尿不利
肌肉松弛,尿清
肌肉松弛,便溏
不能自制,消瘦
不能自制,尿少
不能自制,乏力
不能自制,面色不荣
不能自制,尿频
不能自制,尿不利
不能自制,尿清
不能自制,纳差
不能自制,便溏
尿少,面色不荣
尿少,尿不利
面色不荣,尿频
面色不荣,尿清
尿不利,尿清
足冷,方颅
足冷,骨骼变形
足冷,活动不利
足冷,尿不尽
方颅,骨骼变形
方颅,活动不利
方颅,手冷
方颅,恶寒
方颅,面浮肿
方颅,尿频
方颅,便溏
方颅,尿不尽
方颅,面白
骨骼变形,活动不利
骨骼变形,手冷
骨骼变形,恶寒
骨骼变形,乏力
骨骼变形,面浮肿
骨骼变形,尿频
骨骼变形,纳差
骨骼变形,便溏
骨骼变形,尿不尽
骨骼变形,面白
活动不利,手冷
活动不利,恶寒
活动不利,面浮肿
活动不利,尿频
活动不利,纳差
活动不利,便溏
活动不利,尿不尽
活动不利,面白
手冷,尿不尽
恶寒,面浮肿
乏力,尿不尽
面浮肿,尿频
面浮肿,尿不尽
纳差,尿不尽
便溏,尿不尽
口疮,汗出
口疮,盗汗
口疮,尿道口红
汗出,尿道口红
唇色红,尿道口红
尿黄,尿道口红
面赤,尿道口红
尿频,尿道口红
发热,尿道口红
便秘,尿道口红
盗汗,尿道口红
不寐,尿白
不寐,口臭
不食,尿白
呕吐,尿白
腹胀,尿白
尿白,尿浑浊
尿白,口臭
尿热,尿不利
尿热,尿白
尿热,口苦
尿不利,尿白
尿不利,尿浑浊
尿白,口苦
呼吸急促,尿白
呼吸急促,尿浑浊
乏力,尿白
面色不荣,尿白
纳差,尿白
纳差,尿浑浊
尿白,便溏
情绪不稳,大便未解
情绪不稳,多啼
指纹暗,大便未解
指纹暗,多啼
哭声洪亮,大便未解
哭声洪亮,多啼
哭声洪亮,唇燥
哭声洪亮,腹胀
大便未解,不食
大便未解,烦躁
大便未解,多啼
大便未解,唇燥
大便未解,指纹紫
大便未解,尿黄
大便未解,面赤
大便未解,尿短
大便未解,便秘
大便未解,腹胀
不食,多啼
不食,唇燥
烦躁,多啼
多啼,唇燥
多啼,面赤
多啼,尿短
多啼,腹胀
唇燥,面赤
唇燥,尿短
气怯,指纹隐伏
气怯,大便未解
气怯,指纹淡
气怯,面白
气怯,便秘
气怯,哭声低微
指纹隐伏,大便未解
指纹隐伏,指纹淡
指纹隐伏,便秘
指纹隐伏,哭声低微
大便未解,指纹淡
大便未解,面白
大便未解,乏力
大便未解,哭声低微
便秘,哭声低微
指纹暗,小便不通
指纹暗,尿不利
唇色红,小便不通
唇色红,尿不利
口渴,小便不通
小便不通,指纹紫
小便不通,啼哭
尿不利,啼哭
精神恍惚,指纹红
精神恍惚,小便不通
精神恍惚,唇色淡
精神恍惚,尿不利
精神恍惚,哭声低微
指纹红,小便不通
指纹红,唇色淡
小便不通,唇色淡
小便不通,哭声低微
小便不通,面白
唇色淡,尿不利
唇色淡,腹胀
唇色淡,哭声低微
尿不利,哭声低微
情绪不稳,善悲
情绪不稳,自汗
情绪不稳,活动不利
情绪不稳,情绪低落
汗出,善悲
汗出,情绪低落
不寐,自汗
不寐,活动不利
不寐,情绪低落
善悲,自汗
善悲,活动不利
善悲,呼吸急促
善悲,情绪低落
善悲,盗汗
自汗,哭
自汗,活动不利
自汗,情绪低落
哭,活动不利
哭,呼吸急促
哭,情绪低落
活动不利,呼吸急促
活动不利,情绪低落
活动不利,心悸
呼吸急促,情绪低落
情绪低落,盗汗
情绪低落,心悸
情绪不稳,多动
情绪不稳,注意力不集中
情绪不稳,易急
情绪不稳,任性
情绪不稳,爪甲枯
情绪不稳,多语
情绪不稳,爪甲薄
多动,烦躁
多动,注意力不集中
多动,活动不利
多动,易急
多动,任性
多动,爪甲枯
多动,多语
多动,发枯
多动,面赤
多动,发热
多动,爪甲薄
烦躁,注意力不集中
烦躁,活动不利
烦躁,易急
烦躁,任性
烦躁,爪甲枯
烦躁,多语
烦躁,爪甲薄
注意力不集中,活动不利
注意力不集中,易急
注意力不集中,任性
注意力不集中,爪甲枯
注意力不集中,多语
注意力不集中,发枯
注意力不集中,面赤
注意力不集中,发热
注意力不集中,爪甲薄
活动不利,易急
活动不利,任性
活动不利,爪甲枯
活动不利,多语
活动不利,发枯
活动不利,爪甲薄
易急,任性
易急,爪甲枯
易急,多语
易急,发枯
易急,面赤
易急,发热
易急,爪甲薄
任性,爪甲枯
任性,多语
任性,发枯
任性,面赤
任性,发热
任性,爪甲薄
爪甲枯,多语
爪甲枯,发枯
爪甲枯,面赤
爪甲枯,发热
爪甲枯,爪甲薄
多语,发枯
多语,面赤
多语,发热
多语,爪甲薄
发枯,爪甲薄
面赤,爪甲薄
发热,爪甲薄
多动,便秘
多动,咳嗽
多动,咳痰
多动,口渴
多动,尿黄
多动,纳差
多动,胸闷
多动,口苦
便秘,注意力不集中
便秘,任性
便秘,多语
咳嗽,注意力不集中
咳嗽,任性
咳嗽,多语
注意力不集中,咳痰
注意力不集中,口渴
注意力不集中,尿黄
注意力不集中,纳差
注意力不集中,胸闷
注意力不集中,口苦
咳痰,任性
咳痰,多语
口渴,任性
口渴,多语
任性,尿黄
任性,纳差
任性,胸闷
任性,口苦
尿黄,多语
多语,纳差
多语,胸闷
多语,口苦
多动,肥胖
多动,不寐
多动,消瘦
多动,健忘
多动,乏力
多动,言语迟钝
肥胖,注意力不集中
肥胖,健忘
肥胖,多语
肥胖,言语迟钝
不寐,注意力不集中
不寐,多语
不寐,言语迟钝
消瘦,注意力不集中
消瘦,健忘
消瘦,多语
注意力不集中,健忘
注意力不集中,乏力
注意力不集中,言语迟钝
健忘,多语
健忘,言语迟钝
乏力,多语
多语,言语迟钝
口歪斜,情绪不稳
口歪斜,喉中有痰
口歪斜,不寐
口歪斜,头震颤
口歪斜,烦躁
口歪斜,活动不利
口歪斜,耸肩
口歪斜,伸颈
口歪斜,面部抽搐
口歪斜,手舞足蹈
口歪斜,易急
口歪斜,颤抖
口歪斜,口出异声
口歪斜,皱眉
口歪斜,目眨
口歪斜,抽搐
情绪不稳,喉中有痰
情绪不稳,头震颤
情绪不稳,耸肩
情绪不稳,伸颈
情绪不稳,面部抽搐
情绪不稳,手舞足蹈
情绪不稳,口出异声
情绪不稳,皱眉
情绪不稳,目眨
喉中有痰,不寐
喉中有痰,头震颤
喉中有痰,烦躁
喉中有痰,活动不利
喉中有痰,耸肩
喉中有痰,伸颈
喉中有痰,面部抽搐
喉中有痰,手舞足蹈
喉中有痰,易急
喉中有痰,颤抖
喉中有痰,口出异声
喉中有痰,皱眉
喉中有痰,目眨
不寐,头震颤
不寐,耸肩
不寐,伸颈
不寐,面部抽搐
不寐,手舞足蹈
不寐,易急
不寐,口出异声
不寐,皱眉
不寐,目眨
头震颤,烦躁
头震颤,活动不利
头震颤,耸肩
头震颤,伸颈
头震颤,面部抽搐
头震颤,手舞足蹈
头震颤,易急
头震颤,颤抖
头震颤,口出异声
头震颤,皱眉
头震颤,目眨
头震颤,抽搐
烦躁,耸肩
烦躁,伸颈
烦躁,面部抽搐
烦躁,手舞足蹈
烦躁,口出异声
烦躁,皱眉
烦躁,目眨
活动不利,耸肩
活动不利,伸颈
活动不利,面部抽搐
活动不利,手舞足蹈
活动不利,颤抖
活动不利,口出异声
活动不利,皱眉
活动不利,目眨
活动不利,抽搐
耸肩,伸颈
耸肩,面部抽搐
耸肩,手舞足蹈
耸肩,易急
耸肩,颤抖
耸肩,口出异声
耸肩,皱眉
耸肩,目眨
耸肩,抽搐
伸颈,面部抽搐
伸颈,手舞足蹈
伸颈,易急
伸颈,颤抖
伸颈,口出异声
伸颈,皱眉
伸颈,目眨
伸颈,抽搐
面部抽搐,手舞足蹈
面部抽搐,易急
面部抽搐,颤抖
面部抽搐,口出异声
面部抽搐,皱眉
面部抽搐,目眨
手舞足蹈,易急
手舞足蹈,颤抖
手舞足蹈,口出异声
手舞足蹈,皱眉
手舞足蹈,目眨
手舞足蹈,抽搐
易急,颤抖
易急,口出异声
易急,皱眉
易急,目眨
易急,抽搐
颤抖,口出异声
颤抖,皱眉
颤抖,目眨
口出异声,皱眉
口出异声,目眨
口出异声,抽搐
皱眉,目眨
皱眉,抽搐
目眨,抽搐
声低,口唇颤动
声低,性急
声低,喉中异声
声低,露睛
声低,口出秽语
声低,颤抖
声低,形疲
声低,面黄
声低,抽搐
声低,便溏
口唇颤动,性急
口唇颤动,喉中异声
口唇颤动,露睛
口唇颤动,乏力
口唇颤动,口出秽语
口唇颤动,纳差
口唇颤动,形疲
口唇颤动,面黄
口唇颤动,抽搐
口唇颤动,便溏
性急,喉中异声
性急,露睛
性急,乏力
性急,口出秽语
性急,颤抖
性急,形疲
性急,面黄
性急,抽搐
性急,便溏
喉中异声,露睛
喉中异声,乏力
喉中异声,口出秽语
喉中异声,颤抖
喉中异声,纳差
喉中异声,形疲
喉中异声,面黄
喉中异声,抽搐
喉中异声,便溏
露睛,口出秽语
露睛,颤抖
露睛,形疲
乏力,口出秽语
乏力,颤抖
乏力,形疲
口出秽语,颤抖
口出秽语,纳差
口出秽语,形疲
口出秽语,面黄
口出秽语,抽搐
口出秽语,便溏
颤抖,纳差
颤抖,形疲
颤抖,面黄
颤抖,便溏
纳差,形疲
形疲,面黄
形疲,抽搐
形疲,便溏
抖腿,不寐
抖腿,踮脚
抖腿,便秘
抖腿,性急
抖腿,喉中异声
抖腿,挤眉弄眼
抖腿,耸肩
抖腿,面赤
抖腿,乏力
抖腿,抽搐
抖腿,发热
抖腿,腰部肌肉抽动
抖腿,形体憔悴
抖腿,蹬足
不寐,踮脚
不寐,性急
不寐,喉中异声
不寐,挤眉弄眼
不寐,腰部肌肉抽动
不寐,形体憔悴
不寐,蹬足
踮脚,便秘
踮脚,性急
踮脚,喉中异声
踮脚,挤眉弄眼
踮脚,耸肩
踮脚,面赤
踮脚,乏力
踮脚,抽搐
踮脚,发热
踮脚,腰部肌肉抽动
踮脚,形体憔悴
踮脚,蹬足
便秘,性急
便秘,喉中异声
便秘,挤眉弄眼
便秘,耸肩
便秘,腰部肌肉抽动
便秘,形体憔悴
便秘,蹬足
性急,挤眉弄眼
性急,耸肩
性急,面赤
性急,腰部肌肉抽动
性急,形体憔悴
性急,蹬足
喉中异声,挤眉弄眼
喉中异声,耸肩
喉中异声,面赤
喉中异声,发热
喉中异声,腰部肌肉抽动
喉中异声,形体憔悴
喉中异声,蹬足
挤眉弄眼,耸肩
挤眉弄眼,面赤
挤眉弄眼,乏力
挤眉弄眼,抽搐
挤眉弄眼,发热
挤眉弄眼,腰部肌肉抽动
挤眉弄眼,形体憔悴
挤眉弄眼,蹬足
耸肩,面赤
耸肩,乏力
耸肩,发热
耸肩,腰部肌肉抽动
耸肩,形体憔悴
耸肩,蹬足
面赤,腰部肌肉抽动
面赤,形体憔悴
面赤,蹬足
乏力,腰部肌肉抽动
乏力,形体憔悴
乏力,蹬足
抽搐,腰部肌肉抽动
抽搐,形体憔悴
抽搐,蹬足
发热,腰部肌肉抽动
发热,形体憔悴
发热,蹬足
腰部肌肉抽动,形体憔悴
腰部肌肉抽动,蹬足
形体憔悴,蹬足
汗出,善太息
自汗,善太息
善太息,头晕
善太息,面色不荣
善太息,心悸
善太息,少言
皮肤色凉,汗出
皮肤色凉,便溏
皮肤色凉,肢冷
皮肤色凉,呼吸急促
皮肤色凉,纳差
皮肤色凉,胸闷
皮肤色凉,心悸
皮肤色凉,形寒
皮肤色凉,面白
汗出,形寒
胸闷,形寒
心悸,形寒
不寐,偏食
视力受损,偏食
头晕,偏食
乏力,偏食
纳差,偏食
心悸,偏食
视物模糊,偏食
情绪不稳,掌心热
汗出,哭闹
汗出,掌心热
不寐,哭闹
唇色红,心悸
唇色红,掌心热
烦躁,掌心热
便秘,掌心热
盗汗,哭闹
盗汗,掌心热
心悸,哭闹
哭闹,掌心热
精神失常,善悲
精神失常,欠伸
精神失常,欲哭
精神失常,坐卧不安
精神失常,便秘
精神失常,精神恍惚
善悲,欠伸
善悲,欲哭
善悲,坐卧不安
善悲,便秘
善悲,精神恍惚
欠伸,欲哭
欠伸,坐卧不安
欠伸,便秘
欠伸,精神恍惚
欲哭,坐卧不安
欲哭,便秘
欲哭,精神恍惚
坐卧不安,便秘
坐卧不安,精神恍惚
汗出,露睛
自汗,露睛
自汗,胸闷
呼吸急促,露睛
露睛,面赤
露睛,胸闷
露睛,盗汗
露睛,心悸
面赤,胸闷
胸闷,盗汗
不寐,易恐
易惊,易恐
坐卧不安,易恐
坐卧不安,纳差
坐卧不安,心悸
易恐,纳差
易恐,心悸
汗出,多啼
汗出,咽红
咳嗽,多啼
多啼,乏力
多啼,咽红
多啼,盗汗
多啼,心悸
多啼,咽肿
乏力,咽红
咽红,盗汗
咽红,心悸
盗汗,咽肿
心悸,咽肿
呼吸困难,尿不利
呼吸困难,口流清涎
呼吸困难,形寒
呼吸困难,嗜睡
浮肿,口渴
浮肿,呕吐
浮肿,尿不利
口渴,形寒
肢冷,口流清涎
头晕,尿不利
头晕,嗜睡
呕吐,尿不利
呕吐,口流清涎
呕吐,形寒
尿不利,口流清涎
口流清涎,形寒
口流清涎,嗜睡
心悸,嗜睡
胸痛,口唇发绀
胸痛,指趾青紫
胸痛,杵状指
胸痛,心悸
善太息,口唇发绀
善太息,指趾青紫
善太息,杵状指
口唇发绀,指趾青紫
口唇发绀,杵状指
口唇发绀,胸闷
口唇发绀,心悸
指趾青紫,杵状指
指趾青紫,胸闷
指趾青紫,心悸
杵状指,胸闷
杵状指,心悸
食而不化,面青
食而不化,胁下痞块
食而不化,痞块
面青,胁下痞块
面青,痞块
胁下痞块,纳差
胁下痞块,痞块
胁下痞块,便溏
纳差,痞块
痞块,便溏
手足发热,胁痛
手足发热,胁下痞块
手足发热,痞块
易惊,胁下痞块
易惊,痞块
消瘦,胁痛
消瘦,胁下痞块
消瘦,痞块
胁痛,胁下痞块
胁痛,痞块
胁下痞块,尿黄
胁下痞块,面赤
胁下痞块,发热
胁下痞块,便秘
尿黄,痞块
面赤,痞块
发热,痞块
便秘,痞块
腹胀,胁下痞块
腹胀,痞块
呼吸急促,胁下痞块
呼吸急促,痞块
胁下痞块,呕吐
胁下痞块,乏力
胁下痞块,面黄
痞块,呕吐
痞块,乏力
痞块,面黄
情绪不稳,不喜抚抱
情绪不稳,颈项强直
情绪不稳,肢体痿弱
恶心,流鼻涕
恶心,不喜抚抱
恶心,颈项强直
恶心,肢体痿弱
汗出,不喜抚抱
汗出,颈项强直
咳嗽,不喜抚抱
咳嗽,呕吐
咳嗽,感觉异常
咳嗽,颈项强直
咳嗽,肢体痿弱
烦躁,不喜抚抱
烦躁,颈项强直
烦躁,肢体痿弱
流鼻涕,不喜抚抱
流鼻涕,呕吐
流鼻涕,感觉异常
流鼻涕,便溏
流鼻涕,颈项强直
流鼻涕,肢体痿弱
不喜抚抱,呕吐
不喜抚抱,嗜睡
不喜抚抱,尿黄
不喜抚抱,发热
不喜抚抱,肢体痛
不喜抚抱,感觉异常
不喜抚抱,便溏
不喜抚抱,颈项强直
不喜抚抱,意识障碍
不喜抚抱,肢体痿弱
呕吐,感觉异常
呕吐,颈项强直
呕吐,肢体痿弱
嗜睡,感觉异常
嗜睡,颈项强直
嗜睡,肢体痿弱
尿黄,感觉异常
尿黄,颈项强直
尿黄,肢体痿弱
发热,颈项强直
肢体痛,颈项强直
肢体痛,肢体痿弱
感觉异常,便溏
感觉异常,颈项强直
便溏,颈项强直
便溏,肢体痿弱
颈项强直,意识障碍
颈项强直,肢体痿弱
意识障碍,肢体痿弱
皮肤色凉,下肢瘫痪
皮肤色凉,瘫痪
皮肤色凉,口眼歪斜
皮肤色凉,肢软
皮肤色凉,肢体痿弱
下肢瘫痪,瘫痪
下肢瘫痪,口眼歪斜
下肢瘫痪,肢软
下肢瘫痪,肢体痿弱
瘫痪,口眼歪斜
瘫痪,肢软
瘫痪,肢体痿弱
口眼歪斜,肢软
口眼歪斜,肢体痿弱
肢软,肢体痿弱
情绪不稳,善恐
情绪不稳,形寒
情绪不稳,头脑发空
腰酸,善恐
腰酸,头脑发空
汗出,善恐
汗出,头脑发空
不寐,善恐
不寐,肢冷
不寐,形寒
不寐,头脑发空
烦躁,善恐
烦躁,形寒
烦躁,头脑发空
善恐,肢冷
善恐,健忘
善恐,遗精
善恐,乏力
善恐,盗汗
善恐,心悸
善恐,形寒
善恐,头脑发空
肢冷,健忘
肢冷,遗精
肢冷,头脑发空
健忘,盗汗
健忘,形寒
健忘,头脑发空
遗精,乏力
遗精,心悸
遗精,形寒
遗精,头脑发空
乏力,头脑发空
盗汗,形寒
盗汗,头脑发空
心悸,头脑发空
形寒,头脑发空
皮肤色凉,乏力
乏力,瘫痪
乏力,肢体痿弱
牙龈出血,唇色红
牙龈出血,皮肤斑块
牙龈出血,紫癜
汗出,皮肤斑块
汗出,紫癜
皮疹,紫癜
皮疹,面赤
唇色红,皮肤斑块
唇色红,紫癜
鼻衄,皮肤斑块
鼻衄,紫癜
皮肤斑块,紫癜
皮肤斑块,面赤
皮肤斑块,盗汗
紫癜,面赤
紫癜,发热
紫癜,盗汗
自汗,皮疹
自汗,皮肤斑块
自汗,紫癜
皮疹,呼吸急促
呼吸急促,皮肤斑块
呼吸急促,紫癜
紫癜,乏力
紫癜,纳差
紫癜,面黄
腹痛,关节痛
腹痛,皮肤斑块
腹痛,紫癜
腹痛,目浮肿
腹痛,下肢斑
腹痛,尿血
肢体痛,紫癜
肢体痛,目浮肿
肢体痛,下肢斑
肢体痛,皮肤瘙痒
皮疹,关节痛
皮疹,目浮肿
皮疹,下肢斑
便血,关节痛
便血,皮肤斑块
便血,紫癜
便血,目浮肿
便血,下肢斑
便血,皮肤瘙痒
关节痛,皮肤斑块
关节痛,紫癜
关节痛,目浮肿
关节痛,发热
关节痛,下肢斑
关节痛,皮肤瘙痒
关节痛,尿血
皮肤斑块,目浮肿
皮肤斑块,下肢斑
皮肤斑块,尿血
紫癜,目浮肿
紫癜,下肢斑
紫癜,皮肤瘙痒
紫癜,尿血
目浮肿,下肢斑
目浮肿,皮肤瘙痒
目浮肿,尿血
发热,下肢斑
下肢斑,皮肤瘙痒
下肢斑,尿血
皮肤瘙痒,尿血
腹部肿块,皮疹
腹部肿块,关节痛
腹部肿块,皮肤斑块
腹部肿块,紫癜
情绪不稳,肛门瘙痒
情绪不稳,蛔虫症
腹痛,肛门瘙痒
腹痛,蛔虫症
不寐,肛门瘙痒
不寐,蛔虫症
易惊,肛门瘙痒
易惊,蛔虫症
烦躁,肛门瘙痒
烦躁,蛔虫症
肛门瘙痒,纳差
肛门瘙痒,蛔虫症
纳差,蛔虫症
恶心,气血损伤
恶心,脱肛
恶心,蛔虫症
气血损伤,不寐
气血损伤,消瘦
气血损伤,脱肛
气血损伤,呕吐
气血损伤,纳差
气血损伤,蛔虫症
气血损伤,面白
不寐,脱肛
消瘦,脱肛
消瘦,蛔虫症
脱肛,呕吐
脱肛,纳差
脱肛,蛔虫症
脱肛,面白
呕吐,蛔虫症
蛔虫症,面白
情绪不稳,吐蛔
腹痛,吐蛔
烦躁,吐蛔
口渴,吐蛔
口渴,蛔虫症
尿黄,吐蛔
尿黄,蛔虫症
面赤,吐蛔
面赤,蛔虫症
发热,吐蛔
发热,蛔虫症
纳差,吐蛔
便秘,吐蛔
便秘,蛔虫症
吐蛔,蛔虫症
恶心,喜暖
恶心,尿清
腹痛,口流清涎
腹痛,精神恍惚
喜暖,呕吐
喜暖,尿清
喜暖,口流清涎
喜暖,蛔虫症
喜暖,精神恍惚
足冷,蛔虫症
足冷,精神恍惚
手冷,蛔虫症
手冷,精神恍惚
恶寒,口流清涎
恶寒,蛔虫症
恶寒,精神恍惚
呕吐,尿清
尿清,蛔虫症
尿清,精神恍惚
口流清涎,便溏
口流清涎,蛔虫症
口流清涎,面白
便溏,蛔虫症
蛔虫症,精神恍惚
恶心,背痛
腹痛,冷汗
腹痛,背痛
汗出,背痛
汗出,蛔虫症
肩痛,胁痛
肩痛,背痛
肩痛,蛔虫症
胁痛,肢冷
胁痛,冷汗
胁痛,肢体痛
胁痛,背痛
胁痛,蛔虫症
肢冷,背痛
肢冷,蛔虫症
冷汗,背痛
冷汗,蛔虫症
呕吐,背痛
肢体痛,蛔虫症
背痛,蛔虫症
背痛,面白
自汗,善恐
呼吸急促,善恐
善恐,面色不荣
恶心,无矢气
恶心,虫瘕
腹痛,无矢气
腹痛,虫瘕
无矢气,呕吐
无矢气,便秘
无矢气,腹胀
无矢气,蛔虫症
无矢气,虫瘕
呕吐,虫瘕
便秘,虫瘕
腹胀,蛔虫症
腹胀,虫瘕
蛔虫症,虫瘕
浮肿,咳嗽
浮肿,目浮肿
恶寒,目浮肿
情绪不稳,皮色润泽
浮肿,皮色润泽
浮肿,胸胀
浮肿,便秘
皮色润泽,烦躁
皮色润泽,胸胀
皮色润泽,口渴
皮色润泽,尿黄
皮色润泽,尿短
皮色润泽,发热
皮色润泽,便秘
皮色润泽,腹胀
胸胀,尿黄
胸胀,尿短
胸胀,便秘
尿少,面白
下肢肿,浮肿
下肢肿,腰酸
下肢肿,尿少
下肢肿,肢冷
下肢肿,尿短
下肢肿,面浮肿
下肢肿,形寒
腰酸,面浮肿
尿少,面浮肿
尿短,面浮肿
面浮肿,形寒
腰酸,发育迟缓
腰酸,尿床
发育迟缓,肢冷
发育迟缓,恶寒
发育迟缓,尿频
发育迟缓,尿床
发育迟缓,面白
肢冷,尿床
恶寒,尿床
尿频,尿床
尿床,面白
汗出,声音不扬
汗出,尿失禁
汗出,尿床
声音不扬,尿少
声音不扬,尿失禁
声音不扬,尿频
声音不扬,尿床
尿少,尿床
呼吸急促,尿床
尿失禁,纳差
尿失禁,便溏
尿失禁,尿床
纳差,尿床
便溏,尿床
手足发热,尿床
唇色红,易惊
唇色红,尿失禁
唇色红,尿床
易惊,尿失禁
易惊,尿床
面赤,尿床
尿黄,尿床
发热,尿床
肌肉松弛,头倾
肌肉松弛,咀嚼不便
肌肉松弛,不能握举
肌肉松弛,唇色淡
肌肉松弛,项软
肌肉松弛,不耐久立
肌肉松弛,口流清涎
肌肉松弛,足软
肌肉松弛,足迟缓
肌肉松弛,手软下垂
肌肉松弛,形体虚弱
头倾,咀嚼不便
头倾,不能握举
头倾,乏力
头倾,唇色淡
头倾,不耐久立
头倾,口流清涎
头倾,足软
头倾,足迟缓
头倾,手软下垂
头倾,形体虚弱
咀嚼不便,指纹淡
咀嚼不便,不能握举
咀嚼不便,乏力
咀嚼不便,唇色淡
咀嚼不便,项软
咀嚼不便,不耐久立
咀嚼不便,口流清涎
咀嚼不便,足软
咀嚼不便,足迟缓
咀嚼不便,手软下垂
咀嚼不便,形体虚弱
指纹淡,不能握举
指纹淡,不耐久立
指纹淡,口流清涎
指纹淡,足软
指纹淡,足迟缓
指纹淡,手软下垂
不能握举,乏力
不能握举,唇色淡
不能握举,项软
不能握举,不耐久立
不能握举,口流清涎
不能握举,足软
不能握举,足迟缓
不能握举,手软下垂
不能握举,形体虚弱
乏力,唇色淡
乏力,项软
乏力,不耐久立
乏力,足软
乏力,足迟缓
乏力,手软下垂
唇色淡,项软
唇色淡,不耐久立
唇色淡,口流清涎
唇色淡,足软
唇色淡,足迟缓
唇色淡,手软下垂
唇色淡,形体虚弱
项软,不耐久立
项软,口流清涎
项软,足软
项软,足迟缓
项软,手软下垂
项软,形体虚弱
不耐久立,口流清涎
不耐久立,足软
不耐久立,足迟缓
不耐久立,手软下垂
不耐久立,形体虚弱
口流清涎,足软
口流清涎,足迟缓
口流清涎,手软下垂
口流清涎,形体虚弱
足软,足迟缓
足软,手软下垂
足软,形体虚弱
足迟缓,手软下垂
足迟缓,形体虚弱
手软下垂,形体虚弱
手不能握,智力低下
手不能握,食而不化
手不能握,面黄
手不能握,不耐寒暑
手不能握,吃食不长肌肉
手不能握,手不能举
手不能握,咬嚼无力
手不能握,消瘦
手不能握,神情呆滞
手不能握,指纹淡
手不能握,口开不合
手不能握,发育迟缓
手不能握,唇色白
手不能握,项软
手不能握,肢软
手不能握,少言
智力低下,食而不化
智力低下,面黄
智力低下,不耐寒暑
智力低下,吃食不长肌肉
智力低下,手不能举
智力低下,咬嚼无力
智力低下,消瘦
智力低下,指纹淡
智力低下,口开不合
智力低下,唇色白
智力低下,项软
智力低下,少言
食而不化,不耐寒暑
食而不化,吃食不长肌肉
食而不化,手不能举
食而不化,咬嚼无力
食而不化,神情呆滞
食而不化,口开不合
食而不化,发育迟缓
食而不化,项软
食而不化,肢软
食而不化,少言
面黄,不耐寒暑
面黄,吃食不长肌肉
面黄,手不能举
面黄,咬嚼无力
面黄,口开不合
面黄,发育迟缓
面黄,项软
面黄,肢软
不耐寒暑,吃食不长肌肉
不耐寒暑,手不能举
不耐寒暑,咬嚼无力
不耐寒暑,消瘦
不耐寒暑,神情呆滞
不耐寒暑,指纹淡
不耐寒暑,口开不合
不耐寒暑,发育迟缓
不耐寒暑,唇色白
不耐寒暑,项软
不耐寒暑,肢软
不耐寒暑,少言
吃食不长肌肉,手不能举
吃食不长肌肉,咬嚼无力
吃食不长肌肉,消瘦
吃食不长肌肉,神情呆滞
吃食不长肌肉,指纹淡
吃食不长肌肉,口开不合
吃食不长肌肉,发育迟缓
吃食不长肌肉,唇色白
吃食不长肌肉,项软
吃食不长肌肉,肢软
吃食不长肌肉,少言
手不能举,咬嚼无力
手不能举,消瘦
手不能举,神情呆滞
手不能举,指纹淡
手不能举,口开不合
手不能举,发育迟缓
手不能举,唇色白
手不能举,项软
手不能举,肢软
手不能举,少言
咬嚼无力,消瘦
咬嚼无力,神情呆滞
咬嚼无力,指纹淡
咬嚼无力,口开不合
咬嚼无力,发育迟缓
咬嚼无力,唇色白
咬嚼无力,项软
咬嚼无力,肢软
咬嚼无力,少言
消瘦,口开不合
消瘦,发育迟缓
消瘦,肢软
神情呆滞,口开不合
神情呆滞,发育迟缓
神情呆滞,唇色白
神情呆滞,肢软
指纹淡,口开不合
指纹淡,发育迟缓
指纹淡,肢软
指纹淡,少言
口开不合,发育迟缓
口开不合,唇色白
口开不合,项软
口开不合,肢软
口开不合,少言
发育迟缓,唇色白
发育迟缓,项软
发育迟缓,肢软
发育迟缓,少言
唇色白,项软
唇色白,肢软
唇色白,少言
项软,肢软
项软,少言
肢软,少言
胆怯,提心吊胆
胆怯,胁部不适
胆怯,善恐
提心吊胆,胁部不适
提心吊胆,善恐
胁部不适,善恐
呼吸微弱,皮肤发硬
呼吸微弱,仰头呼吸
呼吸微弱,指纹暗
呼吸微弱,指纹淡
呼吸微弱,恶寒
呼吸微弱,少动
皮肤发硬,仰头呼吸
皮肤发硬,指纹暗
皮肤发硬,不食
皮肤发硬,指纹淡
皮肤发硬,肢冷
皮肤发硬,恶寒
皮肤发硬,少动
皮肤发硬,哭声低微
仰头呼吸,指纹暗
仰头呼吸,不食
仰头呼吸,指纹淡
仰头呼吸,肢冷
仰头呼吸,恶寒
仰头呼吸,少动
仰头呼吸,哭声低微
指纹暗,恶寒
指纹暗,少动
指纹暗,哭声低微
不食,少动
指纹淡,恶寒
指纹淡,少动
肢冷,少动
肢冷,哭声低微
恶寒,少动
少动,哭声低微
呼吸困难,气冷
呼吸困难,呼吸痛
呼吸困难,足冷
呼吸困难,仰头呼吸
呼吸困难,肢体强直
呼吸困难,指纹淡
呼吸困难,手冷
呼吸困难,颈部痛
呼吸困难,难以转侧
呼吸困难,手脚抽搐
气冷,呼吸痛
气冷,足冷
气冷,仰头呼吸
气冷,肢体强直
气冷,面青
气冷,指纹暗
气冷,指纹淡
气冷,手冷
气冷,颈部痛
气冷,头痛
气冷,难以转侧
气冷,抽搐
气冷,手脚抽搐
呼吸痛,足冷
呼吸痛,仰头呼吸
呼吸痛,肢体强直
呼吸痛,面青
呼吸痛,指纹暗
呼吸痛,指纹淡
呼吸痛,手冷
呼吸痛,颈部痛
呼吸痛,头痛
呼吸痛,难以转侧
呼吸痛,抽搐
呼吸痛,手脚抽搐
足冷,仰头呼吸
足冷,肢体强直
足冷,指纹暗
足冷,颈部痛
足冷,头痛
足冷,难以转侧
仰头呼吸,肢体强直
仰头呼吸,面青
仰头呼吸,手冷
仰头呼吸,颈部痛
仰头呼吸,头痛
仰头呼吸,难以转侧
仰头呼吸,抽搐
仰头呼吸,手脚抽搐
肢体强直,面青
肢体强直,指纹暗
肢体强直,指纹淡
肢体强直,手冷
肢体强直,颈部痛
肢体强直,头痛
肢体强直,难以转侧
肢体强直,抽搐
肢体强直,手脚抽搐
面青,颈部痛
面青,头痛
面青,难以转侧
指纹暗,颈部痛
指纹暗,难以转侧
指纹暗,抽搐
指纹暗,手脚抽搐
指纹淡,颈部痛
指纹淡,头痛
指纹淡,难以转侧
指纹淡,抽搐
指纹淡,手脚抽搐
手冷,颈部痛
手冷,头痛
手冷,难以转侧
颈部痛,难以转侧
颈部痛,抽搐
颈部痛,手脚抽搐
头痛,难以转侧
头痛,手脚抽搐
难以转侧,抽搐
难以转侧,手脚抽搐
皮肤发硬,唇干
皮肤发硬,肢体强直
皮肤发硬,口唇发绀
皮肤发硬,面暗
唇干,肢体强直
唇干,口唇发绀
唇干,面暗
肢体强直,口唇发绀
肢体强直,面暗
口唇发绀,面暗
呼吸困难,龟背
呼吸困难,发少
呼吸困难,鸡胸
呼吸困难,发黄
龟背,汗出
龟背,发少
龟背,自汗
龟背,唇色红
龟背,咳嗽
龟背,消瘦
龟背,咳痰
龟背,胸胀
龟背,指纹淡
龟背,发黄
龟背,面赤
汗出,发少
汗出,鸡胸
汗出,发黄
发少,自汗
发少,唇色红
发少,鸡胸
发少,咳嗽
发少,咳痰
发少,胸胀
发少,指纹淡
发少,发黄
发少,面赤
自汗,鸡胸
自汗,胸胀
自汗,指纹淡
自汗,发黄
唇色红,鸡胸
唇色红,咳痰
唇色红,胸胀
唇色红,指纹淡
唇色红,发黄
鸡胸,咳嗽
鸡胸,消瘦
鸡胸,咳痰
鸡胸,胸胀
鸡胸,指纹淡
鸡胸,发黄
鸡胸,面赤
咳嗽,胸胀
咳嗽,发黄
消瘦,胸胀
消瘦,发黄
咳痰,胸胀
咳痰,发黄
胸胀,指纹淡
胸胀,发黄
胸胀,面赤
指纹淡,发黄
发黄,面赤
龟背,指纹暗
龟背,不耐寒暑
龟背,发育迟缓
龟背,胸背畸形
龟背,能俯不能仰
龟背,纳差
指纹暗,不耐寒暑
指纹暗,鸡胸
指纹暗,发育迟缓
指纹暗,胸背畸形
指纹暗,能俯不能仰
不耐寒暑,鸡胸
不耐寒暑,胸背畸形
不耐寒暑,能俯不能仰
不耐寒暑,纳差
鸡胸,发育迟缓
鸡胸,胸背畸形
鸡胸,能俯不能仰
鸡胸,纳差
发育迟缓,胸背畸形
发育迟缓,能俯不能仰
发育迟缓,纳差
消瘦,胸背畸形
消瘦,能俯不能仰
指纹淡,胸背畸形
指纹淡,能俯不能仰
胸背畸形,能俯不能仰
胸背畸形,纳差
能俯不能仰,纳差
龟背,肢体强直
龟背,脊膂不能支持擎举
龟背,脊柱强直
龟背,腰背屈曲
龟背,肢体痛
龟背,指纹青
龟背,脊柱痛
龟背,背高如龟
龟背,驼背畸形
肢体强直,脊膂不能支持擎举
肢体强直,鸡胸
肢体强直,脊柱强直
肢体强直,腰背屈曲
肢体强直,肢体痛
肢体强直,指纹青
肢体强直,脊柱痛
肢体强直,背高如龟
肢体强直,驼背畸形
脊膂不能支持擎举,鸡胸
脊膂不能支持擎举,脊柱强直
脊膂不能支持擎举,腰背屈曲
脊膂不能支持擎举,肢体痛
脊膂不能支持擎举,指纹青
脊膂不能支持擎举,脊柱痛
脊膂不能支持擎举,背高如龟
脊膂不能支持擎举,驼背畸形
鸡胸,脊柱强直
鸡胸,腰背屈曲
鸡胸,肢体痛
鸡胸,指纹青
鸡胸,脊柱痛
鸡胸,背高如龟
鸡胸,驼背畸形
脊柱强直,腰背屈曲
脊柱强直,肢体痛
脊柱强直,指纹青
脊柱强直,脊柱痛
脊柱强直,背高如龟
脊柱强直,驼背畸形
腰背屈曲,肢体痛
腰背屈曲,指纹青
腰背屈曲,脊柱痛
腰背屈曲,背高如龟
腰背屈曲,驼背畸形
肢体痛,指纹青
肢体痛,脊柱痛
肢体痛,背高如龟
肢体痛,驼背畸形
指纹青,脊柱痛
指纹青,背高如龟
指纹青,驼背畸形
脊柱痛,背高如龟
脊柱痛,驼背畸形
背高如龟,驼背畸形
皮肤溃烂,疔肿
皮肤溃烂,头脑发空
疔肿,头脑发空
口疮,头痛
口疮,腮肿
目赤,尿少
目赤,腮肿
喜冷,头痛
喜冷,腮肿
尿少,腮肿
腮肿,口苦
口疮,口腔白斑
口疮,手足发热
口疮,耳鸣
口疮,咽痛
口疮,视力受损
口疮,头晕
口疮,视物模糊
咽干,口腔白斑
口腔白斑,手足发热
口腔白斑,不寐
口腔白斑,耳鸣
口腔白斑,咽痛
口腔白斑,视力受损
口腔白斑,头晕
口腔白斑,发热
口腔白斑,视物模糊
手足发热,咽痛
不寐,咽痛
耳鸣,咽痛
咽痛,视力受损
咽痛,头晕
咽痛,视物模糊
腹痛,腹部拘急
腹痛,阴囊缩
肢冷,腹部拘急
肢冷,睾丸痛
肢冷,阴囊缩
头痛,月经不调
头痛,腹部拘急
头痛,睾丸痛
头痛,阴囊缩
恶寒,腹部拘急
恶寒,睾丸痛
恶寒,阴囊缩
呕吐,月经不调
呕吐,腹部拘急
呕吐,睾丸痛
呕吐,阴囊缩
月经不调,腹部拘急
月经不调,睾丸痛
月经不调,阴囊缩
腹部拘急,睾丸痛
腹部拘急,阴囊缩
睾丸痛,阴囊缩
情绪不稳,心情郁闷
胸痛,心情郁闷
烦躁,心情郁闷
善太息,心情郁闷
胁痛,心情郁闷
口疮,恶心
口疮,腮颊透红
口疮,颊溃穿腮
口疮,呕吐
恶心,腮颊透红
恶心,颊溃穿腮
恶心,腮肿
恶心,皮肤水疱
腮颊透红,颊溃穿腮
腮颊透红,呕吐
腮颊透红,发热
腮颊透红,便秘
腮颊透红,腮肿
腮颊透红,皮肤水疱
颊溃穿腮,呕吐
颊溃穿腮,发热
颊溃穿腮,便秘
颊溃穿腮,腮肿
颊溃穿腮,皮肤水疱
呕吐,皮肤水疱
便秘,皮肤水疱
腮肿,皮肤水疱
口疮,死骨不得脱出
颊溃穿腮,死骨不得脱出
死骨不得脱出,发热
口疮,精神失常
口疮,昏迷
口疮,恶寒
口疮,落齿
口疮,意识障碍
口疮,便溏
口疮,颜面畸形
口疮,鼻梁塌陷
口疮,面肿
口疮,破唇
精神失常,昏迷
精神失常,颊溃穿腮
精神失常,恶寒
精神失常,落齿
精神失常,面赤
精神失常,发热
精神失常,纳差
精神失常,意识障碍
精神失常,便溏
精神失常,颜面畸形
精神失常,鼻梁塌陷
精神失常,面肿
精神失常,破唇
昏迷,颊溃穿腮
昏迷,落齿
昏迷,颜面畸形
昏迷,鼻梁塌陷
昏迷,面肿
昏迷,破唇
颊溃穿腮,恶寒
颊溃穿腮,落齿
颊溃穿腮,面赤
颊溃穿腮,纳差
颊溃穿腮,意识障碍
颊溃穿腮,便溏
颊溃穿腮,颜面畸形
颊溃穿腮,鼻梁塌陷
颊溃穿腮,面肿
颊溃穿腮,破唇
恶寒,落齿
恶寒,颜面畸形
恶寒,鼻梁塌陷
恶寒,面肿
恶寒,破唇
落齿,面赤
落齿,发热
落齿,纳差
落齿,意识障碍
落齿,便秘
落齿,便溏
落齿,颜面畸形
落齿,鼻梁塌陷
落齿,面肿
落齿,破唇
面赤,颜面畸形
面赤,鼻梁塌陷
面赤,面肿
面赤,破唇
发热,颜面畸形
发热,鼻梁塌陷
发热,面肿
发热,破唇
纳差,颜面畸形
纳差,鼻梁塌陷
纳差,面肿
纳差,破唇
意识障碍,颜面畸形
意识障碍,鼻梁塌陷
意识障碍,面肿
意识障碍,破唇
便秘,颜面畸形
便秘,鼻梁塌陷
便秘,面肿
便秘,破唇
便溏,颜面畸形
便溏,鼻梁塌陷
便溏,面肿
便溏,破唇
颜面畸形,鼻梁塌陷
颜面畸形,面肿
颜面畸形,破唇
鼻梁塌陷,面肿
鼻梁塌陷,破唇
面肿,破唇
颈痈,疽
颈痈,口渴
颈痈,头痛
颈痈,恶寒
颈痈,尿黄
颈痈,发热
颈痈,纳差
颈痈,便秘
疽,口渴
疽,头痛
疽,恶寒
疽,尿黄
疽,发热
疽,纳差
疽,便秘
颈痈,唇燥
颈痈,肢体痛
颈痈,疮疡
唇燥,肢体痛
唇燥,疮疡
疮疡,面白
颈痈,面白
项背僵直,颈痈
项背僵直,皮肤色红
项背僵直,颈部肿块
颈痈,皮肤色红
颈痈,颈部肿块
皮肤色红,头痛
皮肤色红,发热
皮肤色红,颈部肿块
头痛,颈部肿块
发热,颈部肿块
呼吸困难,项背僵直
呼吸困难,颈痈
呼吸困难,喉风
呼吸困难,颈肿
呼吸困难,疮疡
呼吸困难,咽肿
项背僵直,喉风
项背僵直,咳痰
项背僵直,颈肿
项背僵直,疮疡
项背僵直,咽肿
颈痈,喉风
颈痈,咳嗽
颈痈,咳痰
颈痈,颈肿
颈痈,咽肿
喉风,咳嗽
喉风,咳痰
喉风,口渴
喉风,头痛
喉风,发热
喉风,颈肿
喉风,疮疡
喉风,咽肿
咳嗽,颈肿
咳嗽,疮疡
咳痰,颈肿
咳痰,疮疡
口渴,颈肿
头痛,颈肿
头痛,疮疡
发热,颈肿
颈肿,疮疡
颈肿,咽肿
疮疡,咽肿
皮色不变,颈痈
情绪不稳,颈痈
情绪不稳,疮疡
颈痈,不寐
颈痈,皮疹
颈痈,消瘦
颈痈,烦躁
颈痈,皮肤斑块
颈痈,面色不荣
颈痈,胸闷
不寐,皮色不变
不寐,疮疡
皮疹,皮色不变
皮疹,疮疡
消瘦,皮色不变
消瘦,疮疡
皮色不变,皮肤斑块
皮色不变,头痛
皮色不变,面色不荣
皮色不变,疮疡
烦躁,疮疡
皮肤斑块,面色不荣
皮肤斑块,胸闷
皮肤斑块,疮疡
头痛,面色不荣
面色不荣,疮疡
胸闷,疮疡
目痛,情绪不稳
目痛,咽干
目痛,烦躁
目痛,头痛
目痛,口苦
目痛,胸胁满
情绪不稳,胸胁满
咽干,头痛
咽干,胸胁满
烦躁,胸胁满
头痛,胸胁满
皮色不变,瘰疬
皮色不变,腹硬
瘰疬,腹硬
情绪不稳,皮肤溃烂
情绪不稳,瘰疬
汗出,皮肤溃烂
汗出,瘰疬
汗出,皮肤水疱
耳鸣,皮肤溃烂
耳鸣,瘰疬
耳鸣,皮肤水疱
咳嗽,皮肤溃烂
咳嗽,瘰疬
烦躁,皮肤溃烂
烦躁,瘰疬
乏力,皮肤溃烂
乏力,瘰疬
发热,皮肤溃烂
发热,瘰疬
纳差,皮肤溃烂
纳差,瘰疬
月经过少,皮肤溃烂
月经过少,瘰疬
月经过少,皮肤水疱
皮肤溃烂,盗汗
皮肤溃烂,瘰疬
皮肤溃烂,皮肤水疱
盗汗,瘰疬
盗汗,皮肤水疱
瘰疬,皮肤水疱
脘痞,腐肉难脱
脘痞,缺盆溃烂
脘痞,疮疡
尿少,腐肉难脱
尿少,缺盆溃烂
尿少,疮疡
腐肉难脱,发热
腐肉难脱,纳差
腐肉难脱,尿不利
腐肉难脱,胸闷
腐肉难脱,缺盆溃烂
腐肉难脱,疮疡
发热,缺盆溃烂
纳差,缺盆溃烂
纳差,疮疡
尿不利,缺盆溃烂
尿不利,疮疡
胸闷,缺盆溃烂
缺盆溃烂,疮疡
情绪不稳,缺盆溃烂
肢体痛,缺盆溃烂
不寐,缺盆溃烂
消瘦,缺盆溃烂
烦躁,缺盆溃烂
头痛,缺盆溃烂
面色不荣,缺盆溃烂
恶心,腋窝肿
恶心,臂肘难举
头痛,腋窝肿
头痛,臂肘难举
恶寒,腋窝肿
恶寒,臂肘难举
腋窝肿,发热
腋窝肿,臂肘难举
发热,臂肘难举
皮疹,二便不利
皮疹,腋窝肿
皮疹,腋窝红肿
口渴,二便不利
口渴,腋窝肿
口渴,腋窝红肿
二便不利,恶寒
二便不利,腋窝肿
二便不利,腋窝红肿
二便不利,发热
恶寒,腋窝红肿
腋窝肿,腋窝红肿
腋窝红肿,发热
恶心,皮肤色红
恶心,肩部肿
恶心,下肢肿胀
恶心,皮肤溃烂
恶心,疮疡
皮肤色红,肩部肿
皮肤色红,恶寒
皮肤色红,下肢肿胀
皮肤色红,皮肤溃烂
皮肤色红,疮疡
肩部肿,头痛
肩部肿,恶寒
肩部肿,下肢肿胀
肩部肿,发热
肩部肿,皮肤溃烂
肩部肿,疮疡
头痛,下肢肿胀
头痛,皮肤溃烂
恶寒,下肢肿胀
恶寒,皮肤溃烂
下肢肿胀,发热
下肢肿胀,皮肤溃烂
下肢肿胀,疮疡
皮肤溃烂,疮疡
情绪不稳,肩部肿
情绪不稳,背有红晕
情绪不稳,背热
肩部肿,烦躁
肩部肿,背有红晕
肩部肿,头晕
肩部肿,背热
肩部肿,乏力
烦躁,背有红晕
烦躁,背热
背有红晕,头晕
背有红晕,背热
背有红晕,乏力
背有红晕,发热
头晕,背热
背热,乏力
背热,发热
形寒,肩部肿
手麻木,不寐
手麻木,疔肿
手麻木,指痒
手麻木,恶寒
手麻木,发热
手麻木,纳差
手麻木,肘部臖核
手麻木,腋臖核
不寐,疔肿
不寐,指痒
不寐,肘部臖核
不寐,腋臖核
疔肿,指痒
疔肿,恶寒
疔肿,发热
疔肿,纳差
疔肿,感觉异常
疔肿,肘部臖核
疔肿,腋臖核
指痒,恶寒
指痒,发热
指痒,纳差
指痒,感觉异常
指痒,肘部臖核
指痒,腋臖核
恶寒,肘部臖核
恶寒,腋臖核
发热,肘部臖核
发热,腋臖核
纳差,感觉异常
纳差,肘部臖核
纳差,腋臖核
感觉异常,肘部臖核
感觉异常,腋臖核
肘部臖核,腋臖核
胁胀,乏力
胁胀,腹胀
胁胀,便溏
爪甲肿,疔肿
疔肿,手指色白
疔肿,皮肤色青
疔肿,皮肤红肿
疔肿,足趾脱疽
手指色白,皮肤色青
手指色白,皮肤红肿
手指色白,足趾脱疽
皮肤色青,皮肤红肿
皮肤色青,足趾脱疽
皮肤红肿,足趾脱疽
脘痞,吞酸
吞酸,乳汁不行
胸痛,厌食
腹痛,胸膈痞满
腹痛,厌食
胁痛,胸膈痞满
胁痛,厌食
胸膈痞满,乳房痛
胸膈痞满,乳房胀
胸膈痞满,厌食
乳房痛,厌食
乳房胀,厌食
乳房痛,呼吸急促
乳房痛,肢体痛
乳房痛,心悸
乳房痛,面白
呼吸急促,乳房胀
乳房胀,肢体痛
乳房胀,心悸
乳房胀,面白
胸痛,乳房结块
胸痛,性急
胁痛,乳房结块
乳房结块,性急
汗出,皮肤色红
汗出,乳房结块
汗出,流脓
腰酸,皮肤色红
腰酸,乳房结块
腰酸,流脓
腰酸,皮肤溃烂
皮肤色红,乳房结块
皮肤色红,流脓
皮肤色红,面赤
皮肤色红,盗汗
乳房结块,流脓
乳房结块,面赤
乳房结块,发热
乳房结块,皮肤溃烂
乳房结块,盗汗
流脓,面赤
流脓,发热
流脓,皮肤溃烂
流脓,盗汗
面赤,皮肤溃烂
乳房痛,恶寒
乳房痛,咽肿
皮下结节,恶寒
皮下结节,发热
皮下结节,咽肿
情绪不稳,乳房结块
烦躁,乳房结块
乳房结块,口渴
乳房结块,恶寒
乳房结块,乳房胀
乳房结块,纳差
乳房结块,咽肿
恶寒,乳房胀
乳房胀,咽肿
情绪不稳,胸胁不舒
汗出,胸胁不舒
腰酸,胸胁不舒
耳鸣,胸胁不舒
烦躁,胸胁不舒
头晕,胸胁不舒
胸胁不舒,发热
胸胁不舒,盗汗
胁痛,咽肿
欲饮,乳房红
欲饮,恶寒
欲饮,咽肿
口渴,乳房红
乳房红,恶寒
乳房红,尿黄
乳房红,尿短
乳房红,发热
乳房红,便秘
乳房红,咽肿
乳晕湿烂,脂水淋漓
乳晕湿烂,乳头湿烂
乳晕湿烂,乳头破裂
乳晕湿烂,皮肤瘙痒
脂水淋漓,乳头湿烂
脂水淋漓,乳头破裂
脂水淋漓,皮肤瘙痒
乳头湿烂,乳头破裂
乳头湿烂,皮肤瘙痒
乳头破裂,皮肤瘙痒
情绪不稳,乳头破裂
汗出,欲饮
汗出,乳头破裂
烦躁,乳头破裂
欲饮,乳头破裂
欲饮,肢体痛
欲饮,盗汗
口渴,乳头破裂
乳头破裂,发热
乳头破裂,肢体痛
乳头破裂,盗汗
肢体痛,盗汗
恶心,脐湿
恶心,脐漏
脐湿,脐漏
脐湿,尿少
脐湿,乏力
脐湿,尿黄
脐湿,纳差
脐漏,尿少
脐漏,乏力
脐漏,尿黄
脐漏,纳差
脐漏,腹胀
脐湿,呼吸急促
脐湿,头晕
脐湿,心悸
脐湿,面白
脐漏,呼吸急促
脐漏,头晕
脐漏,心悸
脐漏,面白
咽干,肢体痛
咽干,早泄
咽干,性欲亢进
咽干,下肢痛
咽干,脐出血
咽干,四肢痛
咽干,腰痛
咽干,肚脐渗血
肢体痛,早泄
肢体痛,性欲亢进
肢体痛,遗精
肢体痛,头胀
肢体痛,脐出血
肢体痛,肚脐渗血
不寐,性欲亢进
不寐,下肢痛
不寐,脐出血
不寐,四肢痛
不寐,肚脐渗血
耳鸣,早泄
耳鸣,性欲亢进
耳鸣,下肢痛
耳鸣,脐出血
耳鸣,四肢痛
耳鸣,肚脐渗血
早泄,性欲亢进
早泄,下肢痛
早泄,头胀
早泄,发热
早泄,脐出血
早泄,四肢痛
早泄,腰痛
早泄,肚脐渗血
性欲亢进,下肢痛
性欲亢进,口渴
性欲亢进,视力受损
性欲亢进,头晕
性欲亢进,遗精
性欲亢进,头胀
性欲亢进,发热
性欲亢进,脐出血
性欲亢进,四肢痛
性欲亢进,视物模糊
性欲亢进,腰痛
性欲亢进,肚脐渗血
下肢痛,口渴
下肢痛,视力受损
下肢痛,头晕
下肢痛,遗精
下肢痛,头胀
下肢痛,发热
下肢痛,脐出血
下肢痛,视物模糊
下肢痛,肚脐渗血
口渴,遗精
口渴,脐出血
口渴,肚脐渗血
视力受损,脐出血
视力受损,四肢痛
视力受损,肚脐渗血
头晕,脐出血
头晕,四肢痛
头晕,肚脐渗血
遗精,头胀
遗精,脐出血
遗精,四肢痛
遗精,腰痛
遗精,肚脐渗血
头胀,脐出血
头胀,四肢痛
头胀,腰痛
头胀,肚脐渗血
发热,脐出血
发热,肚脐渗血
脐出血,四肢痛
脐出血,视物模糊
脐出血,腰痛
脐出血,肚脐渗血
四肢痛,视物模糊
四肢痛,肚脐渗血
视物模糊,肚脐渗血
腰痛,肚脐渗血
鼠蹊肿痛,恶寒
鼠蹊肿痛,发热
鼠蹊肿痛,下肢难伸
鼠蹊肿痛,腹股沟痛
恶寒,下肢难伸
恶寒,腹股沟痛
发热,下肢难伸
发热,腹股沟痛
下肢难伸,腹股沟痛
胸痛,谵语
胸痛,咳嗽
胸痛,昏迷
胸痛,鼠蹊肿痛
胸痛,咳痰
胸痛,气喘
胸痛,意识障碍
胸痛,咳血
谵语,胁痛
谵语,鼠蹊肿痛
谵语,咳痰
谵语,气喘
谵语,咳血
咳嗽,鼠蹊肿痛
昏迷,鼠蹊肿痛
昏迷,咳血
胁痛,鼠蹊肿痛
胁痛,气喘
胁痛,咳血
鼠蹊肿痛,咳痰
鼠蹊肿痛,口渴
鼠蹊肿痛,气喘
鼠蹊肿痛,意识障碍
鼠蹊肿痛,咳血
口渴,气喘
气喘,咳血
意识障碍,咳血
不寐,脘痞
不寐,心怀不舒
不寐,善忧思
脘痞,易惊
脘痞,心怀不舒
脘痞,善忧思
易惊,心怀不舒
易惊,善忧思
腹胀,心怀不舒
腹胀,善忧思
心怀不舒,纳差
心怀不舒,善忧思
纳差,善忧思
皮肤色红,皮肤色青
皮肤色红,鼠蹊肿痛
皮肤色红,下肢屈曲
皮肤色红,下肢难伸
皮肤色红,腹股沟痛
皮肤色红,腹股沟结节
皮肤色青,鼠蹊肿痛
皮肤色青,下肢屈曲
皮肤色青,下肢难伸
皮肤色青,腹股沟痛
皮肤色青,腹股沟结节
鼠蹊肿痛,下肢屈曲
鼠蹊肿痛,腹股沟结节
下肢屈曲,下肢难伸
下肢屈曲,腹股沟痛
下肢屈曲,腹股沟结节
下肢难伸,腹股沟结节
腹股沟痛,腹股沟结节
鼠蹊肿痛,腹股沟肿
鼠蹊肿痛,皮色不变
腹股沟肿,皮色不变
恶心,鼠蹊肿痛
恶心,腹股沟肿
鼠蹊肿痛,头痛
腹股沟肿,头痛
腹股沟肿,恶寒
腹股沟肿,发热
咽干,阴茎溃烂
咽干,阴茎痛
咽干,疮疡
阴茎溃烂,视力受损
阴茎溃烂,口苦
阴茎溃烂,头晕
阴茎溃烂,尿不利
阴茎溃烂,便秘
阴茎溃烂,阴茎痛
阴茎溃烂,视物模糊
阴茎溃烂,疮疡
视力受损,阴茎痛
视力受损,疮疡
口苦,阴茎痛
头晕,阴茎痛
头晕,疮疡
尿不利,便秘
尿不利,阴茎痛
便秘,阴茎痛
阴茎痛,视物模糊
阴茎痛,疮疡
视物模糊,疮疡
阴茎溃烂,尿少
阴茎溃烂,口渴
阴茎溃烂,少津
阴茎溃烂,尿黄
尿少,少津
尿少,阴茎痛
口渴,少津
口渴,阴茎痛
少津,阴茎痛
少津,疮疡
尿黄,阴茎痛
阴茎痒,阴茎溃烂
目眩,咽干
目眩,阴茎溃烂
目眩,腹股沟肿
目眩,下肢痛
目眩,形神困顿
目眩,四肢痛
目眩,腰痛
目眩,疮疡
咽干,腹股沟肿
咽干,形神困顿
不寐,阴茎溃烂
不寐,腹股沟肿
不寐,形神困顿
阴茎溃烂,耳鸣
阴茎溃烂,腹股沟肿
阴茎溃烂,下肢痛
阴茎溃烂,形神困顿
阴茎溃烂,头胀
阴茎溃烂,发热
阴茎溃烂,肢体痛
阴茎溃烂,四肢痛
阴茎溃烂,腰痛
耳鸣,腹股沟肿
耳鸣,形神困顿
耳鸣,疮疡
腹股沟肿,下肢痛
腹股沟肿,口渴
腹股沟肿,头晕
腹股沟肿,形神困顿
腹股沟肿,头胀
腹股沟肿,肢体痛
腹股沟肿,四肢痛
腹股沟肿,腰痛
腹股沟肿,疮疡
下肢痛,形神困顿
下肢痛,疮疡
口渴,形神困顿
头晕,形神困顿
形神困顿,头胀
形神困顿,发热
形神困顿,肢体痛
形神困顿,四肢痛
形神困顿,腰痛
形神困顿,疮疡
头胀,疮疡
四肢痛,疮疡
腰痛,疮疡
腐肉脱落,肢体痛
腐肉脱落,皮肤结节
腐肉脱落,臀部肿
腐肉脱落,关节痛
腐肉脱落,头痛
腐肉脱落,恶寒
腐肉脱落,臀部痛
腐肉脱落,发热
腐肉脱落,纳差
腐肉脱落,皮肤溃烂
腐肉脱落,疮疡
肢体痛,皮肤结节
肢体痛,臀部肿
肢体痛,臀部痛
肢体痛,皮肤溃烂
皮肤结节,臀部肿
皮肤结节,关节痛
皮肤结节,头痛
皮肤结节,恶寒
皮肤结节,臀部痛
皮肤结节,发热
皮肤结节,纳差
皮肤结节,皮肤溃烂
皮肤结节,疮疡
臀部肿,关节痛
臀部肿,头痛
臀部肿,恶寒
臀部肿,臀部痛
臀部肿,发热
臀部肿,纳差
臀部肿,皮肤溃烂
臀部肿,疮疡
关节痛,臀部痛
关节痛,纳差
关节痛,皮肤溃烂
关节痛,疮疡
头痛,臀部痛
恶寒,臀部痛
臀部痛,发热
臀部痛,纳差
臀部痛,皮肤溃烂
臀部痛,疮疡
臀部肿,臀肉硬块
下肢生疽,全身不适
下肢生疽,皮肤色红
下肢生疽,皮色不变
下肢生疽,骨髂粗大
下肢生疽,口渴
下肢生疽,恶寒
下肢生疽,尿黄
下肢生疽,发热
下肢生疽,肢体痛
下肢生疽,疮疡
下肢生疽,皮肤水疱
全身不适,皮肤色红
全身不适,皮色不变
全身不适,骨髂粗大
全身不适,口渴
全身不适,恶寒
全身不适,尿黄
全身不适,发热
全身不适,肢体痛
全身不适,疮疡
全身不适,皮肤水疱
皮肤色红,皮色不变
皮肤色红,骨髂粗大
皮肤色红,口渴
皮肤色红,尿黄
皮肤色红,肢体痛
皮肤色红,皮肤水疱
皮色不变,骨髂粗大
皮色不变,口渴
皮色不变,恶寒
皮色不变,尿黄
皮色不变,发热
皮色不变,肢体痛
皮色不变,皮肤水疱
骨髂粗大,口渴
骨髂粗大,恶寒
骨髂粗大,尿黄
骨髂粗大,发热
骨髂粗大,肢体痛
骨髂粗大,疮疡
骨髂粗大,皮肤水疱
恶寒,皮肤水疱
肢体痛,皮肤水疱
疮疡,皮肤水疱
汗出,欲哭
汗出,善忧思
汗出,意志消沉
自汗,欲哭
自汗,善忧思
自汗,意志消沉
呼吸急促,欲哭
呼吸急促,善忧思
呼吸急促,意志消沉
欲哭,乏力
欲哭,善忧思
欲哭,少言
欲哭,意志消沉
乏力,善忧思
乏力,意志消沉
善忧思,少言
善忧思,意志消沉
少言,意志消沉
咽干,下肢生疽
咽干,面色不荣
咽干,皮肤色紫
咽干,皮肤红肿
咽干,皮肤溃烂
咽干,恶寒
咽干,关节不利
口渴,皮肤色紫
口渴,皮肤溃烂
口渴,关节不利
乏力,下肢生疽
乏力,皮肤色紫
乏力,皮肤红肿
乏力,疮疡
乏力,咳血
盗汗,下肢生疽
盗汗,皮肤色紫
盗汗,皮肤红肿
盗汗,疮疡
盗汗,咳血
盗汗,恶寒
盗汗,关节不利
下肢生疽,面色不荣
下肢生疽,心悸
下肢生疽,皮肤色紫
下肢生疽,汗出
下肢生疽,不寐
下肢生疽,皮肤红肿
下肢生疽,咳嗽
下肢生疽,咳痰
下肢生疽,皮肤溃烂
下肢生疽,咳血
下肢生疽,消瘦
下肢生疽,纳差
下肢生疽,关节不利
发热,皮肤色紫
发热,关节不利
面色不荣,皮肤色紫
面色不荣,皮肤红肿
面色不荣,咳嗽
面色不荣,咳痰
面色不荣,皮肤溃烂
面色不荣,咳血
面色不荣,恶寒
面色不荣,关节不利
心悸,皮肤色紫
心悸,皮肤红肿
心悸,皮肤溃烂
心悸,疮疡
心悸,咳血
皮肤色紫,汗出
皮肤色紫,不寐
皮肤色紫,皮肤红肿
皮肤色紫,咳嗽
皮肤色紫,咳痰
皮肤色紫,皮肤溃烂
皮肤色紫,疮疡
皮肤色紫,咳血
皮肤色紫,消瘦
皮肤色紫,恶寒
皮肤色紫,纳差
皮肤色紫,关节不利
汗出,皮肤红肿
汗出,疮疡
汗出,咳血
不寐,皮肤红肿
不寐,皮肤溃烂
不寐,咳血
不寐,关节不利
皮肤红肿,咳嗽
皮肤红肿,咳痰
皮肤红肿,皮肤溃烂
皮肤红肿,疮疡
皮肤红肿,咳血
皮肤红肿,消瘦
皮肤红肿,恶寒
皮肤红肿,纳差
皮肤红肿,关节不利
咳嗽,关节不利
咳痰,皮肤溃烂
咳痰,关节不利
皮肤溃烂,咳血
皮肤溃烂,消瘦
皮肤溃烂,关节不利
疮疡,咳血
疮疡,关节不利
咳血,消瘦
咳血,恶寒
咳血,纳差
咳血,关节不利
消瘦,恶寒
消瘦,关节不利
恶寒,关节不利
纳差,关节不利
臁疮,口渴
臁疮,恶寒
臁疮,尿黄
臁疮,发热
臁疮,肢体痛
臁疮,皮肤瘙痒
臁疮,疮疡
臁疮,皮肤水疱
皮肤瘙痒,疮疡
臁疮,头晕
臁疮,乏力
臁疮,纳差
腹露青筋,皮肤色紫
腹露青筋,臁疮
腹露青筋,四肢麻木
腹露青筋,下肢沉重
腹露青筋,感觉异常
皮肤色紫,臁疮
皮肤色紫,四肢麻木
皮肤色紫,下肢沉重
皮肤色紫,感觉异常
臁疮,四肢麻木
臁疮,下肢沉重
臁疮,感觉异常
四肢麻木,下肢沉重
下肢沉重,感觉异常
不寐,臁疮
足冷,流血水
足冷,皮肤色黑
足冷,足趾暗
足冷,皮肤溃烂
不寐,流血水
不寐,皮肤色黑
不寐,足趾暗
流血水,皮肤色黑
流血水,手冷
流血水,足趾暗
流血水,肢体痛
流血水,皮肤溃烂
皮肤色黑,手冷
皮肤色黑,足趾暗
皮肤色黑,肢体痛
皮肤色黑,皮肤溃烂
手冷,足趾暗
手冷,皮肤溃烂
足趾暗,肢体痛
足趾暗,皮肤溃烂
足痛,足趾青紫
足痛,足趾暗
肢体痛,足趾青紫
足趾青紫,足趾暗
足趾青紫,足趾干枯
肢体痛,足趾干枯
足趾干枯,足趾暗
情绪不稳,幻觉
情绪不稳,善疑
咽干,大便不调
咽干,幻觉
咽干,善疑
不寐,大便不调
不寐,幻觉
不寐,善疑
易惊,大便不调
易惊,幻觉
易惊,善疑
易惊,胸胁满
烦躁,幻觉
烦躁,善疑
视力受损,坐卧不安
视力受损,大便不调
视力受损,幻觉
视力受损,善疑
视力受损,胸胁满
口苦,大便不调
口苦,幻觉
口苦,善疑
头晕,大便不调
头晕,幻觉
头晕,善疑
头晕,胸胁满
坐卧不安,大便不调
坐卧不安,视物模糊
坐卧不安,幻觉
坐卧不安,善疑
坐卧不安,胸胁满
大便不调,视物模糊
大便不调,幻觉
大便不调,善疑
大便不调,胸胁满
视物模糊,幻觉
视物模糊,善疑
视物模糊,胸胁满
幻觉,善疑
幻觉,胸胁满
善疑,胸胁满
不寐,足趾溃烂
不寐,关节坏死
足趾暗,疮疡
足趾暗,足趾溃烂
足趾暗,关节坏死
疮疡,足趾溃烂
疮疡,关节坏死
足趾溃烂,皮肤溃烂
足趾溃烂,关节坏死
皮肤溃烂,关节坏死
甲内嵌,甲床溃烂
甲内嵌,足趾溃烂
甲内嵌,甲床肿胀
甲床溃烂,足趾溃烂
甲床溃烂,甲床肿胀
足趾溃烂,甲床肿胀
丹毒,皮肤色红
丹毒,皮肤红肿
丹毒,皮肤增厚
皮肤色红,皮肤红肿
皮肤色红,皮肤增厚
皮肤红肿,肢体痛
皮肤红肿,皮肤增厚
恶寒,皮肤增厚
发热,皮肤增厚
肢体痛,皮肤增厚
恶心,丹毒
恶心,眼睑肿胀
恶心,谵语
恶心,皮肤紧张
恶心,口唇肿
恶心,耳肿
丹毒,眼睑肿胀
丹毒,谵语
丹毒,皮肤紧张
丹毒,口唇肿
丹毒,耳肿
眼睑肿胀,谵语
眼睑肿胀,口渴
眼睑肿胀,头痛
眼睑肿胀,恶寒
眼睑肿胀,呕吐
眼睑肿胀,发热
眼睑肿胀,皮肤紧张
眼睑肿胀,意识障碍
眼睑肿胀,口唇肿
眼睑肿胀,耳肿
谵语,头痛
谵语,恶寒
谵语,呕吐
谵语,皮肤紧张
谵语,口唇肿
谵语,耳肿
口渴,皮肤紧张
口渴,耳肿
头痛,皮肤紧张
头痛,口唇肿
头痛,耳肿
恶寒,皮肤紧张
恶寒,口唇肿
恶寒,耳肿
呕吐,皮肤紧张
呕吐,口唇肿
呕吐,耳肿
发热,皮肤紧张
发热,耳肿
皮肤紧张,意识障碍
皮肤紧张,口唇肿
皮肤紧张,耳肿
意识障碍,口唇肿
意识障碍,耳肿
口唇肿,耳肿
丹毒,胁痛
丹毒,尿短
丹毒,口苦
丹毒,皮肤痛
皮疹,胁痛
皮疹,皮肤痛
胁痛,皮肤斑块
胁痛,尿短
胁痛,皮肤痛
皮肤斑块,口苦
皮肤斑块,皮肤痛
尿黄,皮肤痛
尿短,皮肤痛
口苦,皮肤痛
恶心,皮肤斑块
腹泻,皮疹
腹泻,皮肤斑块
腹泻,头痛
痰核流注,皮下结节
咽干,善悲
汗出,善疑
善悲,烦躁
善悲,口渴
善悲,尿黄
善悲,面赤
善悲,遗精
善悲,尿短
善悲,发热
善悲,善疑
易惊,遗精
哭,遗精
哭,善疑
口渴,善疑
尿黄,善疑
面赤,遗精
面赤,善疑
遗精,善疑
尿短,善疑
发热,善疑
盗汗,善疑
恶心,面部青黄
恶心,痰核流注
面部青黄,目闭
面部青黄,痰核流注
面部青黄,头晕
面部青黄,呕吐
面部青黄,头痛
面部青黄,乏力
面部青黄,胸闷
面部青黄,少言
目闭,痰核流注
目闭,头晕
目闭,头痛
目闭,乏力
目闭,少言
痰核流注,头晕
痰核流注,呕吐
痰核流注,头痛
痰核流注,乏力
痰核流注,胸闷
痰核流注,少言
头痛,少言
痰核流注,尿黄
痰核流注,尿少
恶寒,无名肿毒
发热,无名肿毒
无名肿毒,口渴
口唇发绀,脱肛
口唇发绀,呼吸急促
口唇发绀,面白
脱肛,呼吸急促
目眩,阳痿
目眩,脱肛
目眩,健忘
目眩,恶寒
目眩,遗精
目眩,尿频
目眩,便溏
阳痿,脱肛
阳痿,恶寒
阳痿,尿频
阳痿,便溏
腰酸,脱肛
脱肛,健忘
脱肛,头晕
脱肛,恶寒
脱肛,遗精
脱肛,尿频
脱肛,便溏
健忘,尿频
恶寒,遗精
遗精,尿频
遗精,便溏
肛门坠胀,唇色红
肛门坠胀,脱肛
肛门坠胀,便血
肛门坠胀,口渴
肛门坠胀,面赤
肛门坠胀,便秘
肛门坠胀,大便粘液
唇色红,脱肛
唇色红,便血
唇色红,大便粘液
脱肛,便血
脱肛,口渴
脱肛,面赤
脱肛,便秘
脱肛,大便粘液
便血,大便粘液
面赤,大便粘液
便秘,大便粘液
情绪不稳,便血
情绪不稳,肛裂
咽干,肛痛
咽干,不食
咽干,肛裂
肛痛,不食
肛痛,便血
肛痛,肛裂
肛痛,便秘
肛痛,口苦
不食,便血
不食,肛裂
不食,口苦
烦躁,便血
烦躁,肛裂
便血,肛裂
肛裂,便秘
肛裂,口苦
肛门坠胀,肛痛
肛门坠胀,恶寒
肛门坠胀,大便不调
肛门坠胀,发热
肛门坠胀,肛裂
肛门坠胀,纳差
肛门坠胀,便溏
肛痛,恶寒
肛痛,大便不调
肛痛,纳差
肛痛,便溏
恶寒,大便不调
恶寒,肛裂
大便不调,发热
大便不调,肛裂
大便不调,便秘
大便不调,便溏
发热,肛裂
肛裂,纳差
肛裂,便溏
情绪不稳,痔疮
痔疮,肛痛
痔疮,不寐
痔疮,烦躁
痔疮,便血
痔疮,口渴
痔疮,发热
痔疮,肛裂
痔疮,便秘
肛痛,不寐
不寐,肛裂
口渴,肛裂
不寐,善虑
健忘,善虑
健忘,善疑
乏力,善虑
乏力,善疑
心悸,善虑
心悸,善疑
面色不荣,善虑
面色不荣,善疑
纳差,善虑
纳差,善疑
面黄,善虑
面黄,善疑
善虑,善疑
肛漏,尿黄
肛漏,尿短
肛漏,发热
肛漏,便秘
肛漏,形寒
便秘,形寒
汗出,肛漏
肛漏,面赤
肛漏,乏力
肛漏,纳差
肛漏,盗汗
肛漏,疮疡
肛漏,咳血
面赤,疮疡
少气,皮肤色青
少气,肢冷
少气,皮肤水疱
少气,肛漏
少气,漏下淋漓
少气,形寒
少气,疮疡
皮肤色青,肢冷
皮肤色青,皮肤水疱
皮肤色青,肛漏
皮肤色青,乏力
皮肤色青,漏下淋漓
皮肤色青,少言
皮肤色青,形寒
皮肤色青,疮疡
皮肤色青,面白
肢冷,皮肤水疱
肢冷,肛漏
肢冷,漏下淋漓
肢冷,疮疡
皮肤水疱,肛漏
皮肤水疱,漏下淋漓
皮肤水疱,少言
皮肤水疱,形寒
皮肤水疱,面白
肛漏,漏下淋漓
肛漏,少言
肛漏,面白
乏力,漏下淋漓
漏下淋漓,少言
漏下淋漓,形寒
漏下淋漓,疮疡
漏下淋漓,面白
少言,疮疡
形寒,疮疡
肛痛,全身不适
肛痛,皮肤色红
全身不适,尿短
全身不适,便秘
皮肤色红,尿短
皮肤色红,便秘
腹泻,直肠痛
腹泻,便血
腹泻,肛门生痈
腹泻,肛漏
腹泻,里急后重
腹泻,直肠胀
不喜饮,直肠痛
不喜饮,便血
不喜饮,肛门生痈
不喜饮,肛漏
不喜饮,里急后重
不喜饮,直肠胀
肛痛,直肠痛
肛痛,肛门生痈
肛痛,肛漏
肛痛,里急后重
肛痛,直肠胀
直肠痛,便血
直肠痛,口渴
直肠痛,肛门生痈
直肠痛,肛漏
直肠痛,便秘
直肠痛,里急后重
直肠痛,直肠胀
直肠痛,大便粘液
便血,肛门生痈
便血,肛漏
便血,里急后重
便血,直肠胀
口渴,肛门生痈
口渴,肛漏
口渴,里急后重
口渴,直肠胀
肛门生痈,肛漏
肛门生痈,便秘
肛门生痈,里急后重
肛门生痈,直肠胀
肛门生痈,大便粘液
肛漏,里急后重
肛漏,直肠胀
肛漏,大便粘液
便秘,里急后重
便秘,直肠胀
里急后重,直肠胀
里急后重,大便粘液
直肠胀,大便粘液
腹痛,心情郁闷
腹痛,消化不良
肛痛,心情郁闷
肛痛,腹胀
肛痛,消化不良
心情郁闷,腹胀
心情郁闷,消化不良
腹胀,消化不良
喜暖,肛痛
汗出,肛痛
肛痛,乏力
肛痛,盗汗
乏力,肛门流脓
尿黄,肛门流脓
尿短,肛门流脓
肛门流脓,发热
肛门流脓,纳差
肛门流脓,口苦
情绪不稳,强迫体位
情绪不稳,心虚
情绪不稳,强迫思维
不寐,强迫体位
不寐,心虚
不寐,强迫思维
易惊,强迫体位
易惊,心虚
易惊,强迫思维
强迫体位,胆怯
强迫体位,情绪紧张
强迫体位,烦躁
强迫体位,心虚
强迫体位,视力受损
强迫体位,情绪焦虑
强迫体位,头晕
强迫体位,强迫思维
强迫体位,视物模糊
强迫体位,善疑
胆怯,情绪紧张
胆怯,心虚
胆怯,视力受损
胆怯,情绪焦虑
胆怯,强迫思维
胆怯,视物模糊
胆怯,善疑
情绪紧张,心虚
情绪紧张,视力受损
情绪紧张,头晕
情绪紧张,强迫思维
情绪紧张,视物模糊
情绪紧张,善疑
烦躁,心虚
烦躁,强迫思维
心虚,视力受损
心虚,情绪焦虑
心虚,头晕
心虚,强迫思维
心虚,视物模糊
心虚,善疑
视力受损,情绪焦虑
视力受损,强迫思维
情绪焦虑,头晕
情绪焦虑,强迫思维
情绪焦虑,视物模糊
情绪焦虑,善疑
头晕,强迫思维
强迫思维,视物模糊
强迫思维,善疑
汗出,肛门流脓
自汗,肛门流脓
肛门流脓,面黄
肛门流脓,盗汗
情绪不稳,皮肤皲裂
情绪不稳,皮肤出血
咽干,皮肤皲裂
咽干,皮肤出血
咽干,情绪焦虑
咽干,肛门瘙痒
皮肤皲裂,皮肤出血
皮肤皲裂,不寐
皮肤皲裂,烦躁
皮肤皲裂,情绪焦虑
皮肤皲裂,尿黄
皮肤皲裂,尿短
皮肤皲裂,肛门瘙痒
皮肤皲裂,乏力
皮肤皲裂,便秘
皮肤皲裂,皮肤瘙痒
皮肤皲裂,口苦
皮肤出血,不寐
皮肤出血,烦躁
皮肤出血,情绪焦虑
皮肤出血,尿黄
皮肤出血,尿短
皮肤出血,肛门瘙痒
皮肤出血,乏力
皮肤出血,便秘
皮肤出血,皮肤瘙痒
皮肤出血,口苦
情绪焦虑,尿短
情绪焦虑,肛门瘙痒
情绪焦虑,皮肤瘙痒
情绪焦虑,口苦
尿黄,肛门瘙痒
尿短,肛门瘙痒
肛门瘙痒,乏力
肛门瘙痒,便秘
肛门瘙痒,皮肤瘙痒
肛门瘙痒,口苦
肛门坠胀,不寐
肛门坠胀,乏力
肛门坠胀,肛门瘙痒
肛门坠胀,腹胀
肛门瘙痒,腹胀
消瘦,肛门瘙痒
口渴,肛门瘙痒
肛门瘙痒,皮肤干燥
肛门坠胀,脘痞
肛门坠胀,大便多
肛门坠胀,尿黄
肛门坠胀,尿短
肛门坠胀,胸闷
肛门坠胀,口苦
脘痞,大便多
脘痞,口苦
口渴,大便多
大便多,尿黄
大便多,尿短
大便多,胸闷
大便多,口苦
肛门坠胀,肛门生痔
便血,肛门生痔
肛门生痔,便秘
肛门生痔,大便粘液
肛门坠胀,胸痛
肛门坠胀,多虑
肛门坠胀,腹痛
肛门坠胀,善太息
肛门坠胀,抑郁
肛门坠胀,胁痛
肛门坠胀,欲哭
肛门坠胀,精神恍惚
肛门坠胀,善疑
胸痛,多虑
胸痛,抑郁
胸痛,欲哭
胸痛,善疑
多虑,腹痛
多虑,善太息
多虑,抑郁
多虑,胁痛
多虑,口渴
多虑,欲哭
多虑,纳差
多虑,便秘
多虑,腹胀
多虑,口苦
多虑,精神恍惚
多虑,善疑
腹痛,欲哭
腹痛,善疑
善太息,欲哭
善太息,便秘
善太息,口苦
善太息,精神恍惚
善太息,善疑
抑郁,口渴
抑郁,欲哭
抑郁,便秘
抑郁,口苦
抑郁,精神恍惚
抑郁,善疑
胁痛,欲哭
胁痛,善疑
口渴,欲哭
欲哭,纳差
欲哭,腹胀
欲哭,口苦
欲哭,善疑
便秘,善疑
腹胀,善疑
精神恍惚,善疑
腹痛,脱肛
脱肛,乏力
情绪不稳,皮肤色红
情绪不稳,皮肤油亮
情绪不稳,肛门肿
皮肤色红,大便不爽
皮肤色红,皮肤油亮
皮肤色红,烦躁
皮肤色红,肛门肿
大便不爽,皮肤油亮
大便不爽,肛门肿
皮肤油亮,烦躁
皮肤油亮,口渴
皮肤油亮,尿黄
皮肤油亮,尿短
皮肤油亮,发热
皮肤油亮,肛门肿
烦躁,肛门肿
口渴,肛门肿
尿黄,肛门肿
尿短,肛门肿
发热,肛门肿
皮肤斑块,皮肤色紫
皮肤斑块,肛门肿
皮肤色紫,肛门肿
皮肤色紫,皮疹
肛门肿,皮疹
胸痛,肢冷
胸痛,恶寒
胸痛,乏力
胸痛,面暗
多虑,太息
多虑,胁胀
多虑,视力受损
多虑,头晕
多虑,视物模糊
多虑,面白
太息,视力受损
太息,头晕
太息,视物模糊
太息,善疑
太息,面白
胁胀,视力受损
胁胀,视物模糊
胁胀,善疑
胁痛,视力受损
胁痛,视物模糊
抑郁,视力受损
抑郁,头晕
抑郁,视物模糊
抑郁,面白
善疑,面白
肛周肿物,欲饮
肛周肿物,口渴
肛周肿物,肛门生痈
肛周肿物,恶寒
肛周肿物,尿黄
肛周肿物,尿短
肛周肿物,发热
肛周肿物,便秘
欲饮,肛门生痈
肛门生痈,恶寒
肛门生痈,尿黄
肛门生痈,尿短
肛门生痈,发热
汗出,肛周肿物
汗出,肛门生痈
汗出,肛门肿
肛周肿物,咳嗽
肛周肿物,乏力
肛周肿物,肛门肿
肛周肿物,纳差
肛周肿物,盗汗
肛周肿物,疮疡
肛周肿物,咳血
咳嗽,肛门生痈
咳嗽,肛门肿
肛门生痈,乏力
肛门生痈,肛门肿
肛门生痈,纳差
肛门生痈,盗汗
肛门生痈,疮疡
肛门生痈,咳血
乏力,肛门肿
肛门肿,纳差
肛门肿,盗汗
肛门肿,疮疡
肛门肿,咳血
少气,肛周肿物
少气,肛门生痈
肛周肿物,肢冷
肛周肿物,少言
肛周肿物,形寒
肢冷,肛门生痈
肛门生痈,少言
肛门生痈,形寒
尿短,疮疡
不寐,皮肤色红
不寐,肛门生痈
皮肤色红,耳鸣
皮肤色红,咳嗽
皮肤色红,肛门生痈
皮肤色红,遗精
皮肤色红,乏力
皮肤色红,纳差
皮肤色红,便溏
皮肤色红,腰痛
皮肤色红,咳血
耳鸣,肛门生痈
耳鸣,咳血
咳嗽,遗精
咳嗽,腰痛
肛门生痈,遗精
肛门生痈,肢体痛
肛门生痈,便溏
肛门生痈,腰痛
遗精,纳差
遗精,疮疡
遗精,咳血
肢体痛,咳血
盗汗,腰痛
便溏,疮疡
便溏,咳血
腰痛,咳血
情绪不稳,脱肛
情绪不稳,肛门生痔
烦躁,脱肛
烦躁,肛门生痔
脱肛,肛门生痔
脱肛,尿黄
脱肛,尿短
脱肛,腹胀
肛门生痔,口渴
肛门生痔,头晕
肛门生痔,尿黄
肛门生痔,尿短
肛门生痔,腹胀
肛门坠胀,肛门灼热
肛门坠胀,便时有物脱出
肛门坠胀,里急后重
肛门灼热,便时有物脱出
肛门灼热,肛门生痔
肛门灼热,乏力
肛门灼热,纳差
肛门灼热,便秘
肛门灼热,腹胀
肛门灼热,里急后重
便时有物脱出,肛门生痔
便时有物脱出,乏力
便时有物脱出,纳差
便时有物脱出,便秘
便时有物脱出,腹胀
便时有物脱出,里急后重
肛门生痔,乏力
肛门生痔,纳差
肛门生痔,里急后重
乏力,里急后重
纳差,里急后重
腹胀,里急后重
肛门坠胀,痔疮
痔疮,便时有物脱出
痔疮,肛门生痔
痔疮,腹胀
肛门坠胀,排便无力
肛门坠胀,呼吸急促
肛门坠胀,少言
肛门坠胀,面白
排便无力,便时有物脱出
排便无力,肛门生痔
排便无力,呼吸急促
排便无力,乏力
排便无力,纳差
排便无力,少言
排便无力,面白
便时有物脱出,呼吸急促
便时有物脱出,少言
便时有物脱出,面白
肛门生痔,呼吸急促
肛门生痔,少言
肛门生痔,面白
疣红,大便不爽
疣红,肛门糜烂
疣红,肛门潮湿
疣红,肛门生疣
疣红,疣赘
疣红,便溏
大便不爽,肛门糜烂
大便不爽,肛门潮湿
大便不爽,肛门生疣
大便不爽,疣赘
大便不爽,便溏
肛门糜烂,肛门潮湿
肛门糜烂,肛门生疣
肛门糜烂,疣赘
肛门糜烂,便溏
肛门潮湿,肛门生疣
肛门潮湿,疣赘
肛门潮湿,便溏
肛门生疣,疣赘
肛门生疣,便溏
疣赘,便溏
情绪不稳,妄想
胸痛,哭笑无常
胸痛,头痛
胸痛,肢体痛
胸痛,妄想
胸痛,幻觉
胸痛,胸胁满
胁痛,哭笑无常
胁痛,头痛
胁痛,面暗
胁痛,妄想
胁痛,幻觉
胁痛,胸胁满
哭笑无常,头痛
哭笑无常,面暗
哭笑无常,肢体痛
哭笑无常,妄想
哭笑无常,幻觉
哭笑无常,善疑
哭笑无常,胸胁满
头痛,面暗
头痛,妄想
头痛,幻觉
头痛,善疑
面暗,妄想
面暗,幻觉
面暗,善疑
面暗,胸胁满
肢体痛,妄想
肢体痛,幻觉
肢体痛,善疑
肢体痛,胸胁满
妄想,幻觉
妄想,善疑
妄想,胸胁满
肛痛,疣红
肛痛,肛门生疣
肛痛,肛门瘙痒
疣红,肛门瘙痒
肛门生疣,肛门瘙痒
情绪不稳,肛门生疣
不寐,胁胀
不寐,肛门生疣
胁胀,肛门生疣
胁胀,皮肤瘙痒
胁胀,皮肤干燥
胁胀,口苦
烦躁,肛门生疣
肛门生疣,月经不调
肛门生疣,皮肤瘙痒
肛门生疣,皮肤干燥
肛门生疣,口苦
月经不调,皮肤瘙痒
月经不调,皮肤干燥
皮肤干燥,口苦
闭经,皮肤瘙痒
闭经,肛门生疣
腹痛,肛门生疣
腰酸,肛门生疣
腰酸,肛门干燥
腰酸,疣赘
视力受损,肛门生疣
视力受损,肛门干燥
视力受损,疣赘
头晕,肛门生疣
头晕,肛门干燥
头晕,疣赘
肛门生疣,肛门干燥
肛门生疣,发热
肛门生疣,视物模糊
肛门干燥,疣赘
肛门干燥,发热
肛门干燥,视物模糊
疣赘,发热
疣赘,视物模糊
肛门坠胀,肛门脱垂
肛门坠胀,直肠息肉
腹痛,肛门脱垂
腹痛,直肠息肉
肛门脱垂,直肠息肉
肛门脱垂,乏力
肛门脱垂,纳差
肛门脱垂,便溏
直肠息肉,乏力
直肠息肉,纳差
直肠息肉,便溏
大便不爽,肛门脱垂
大便不爽,便血
大便不爽,直肠息肉
大便不爽,里急后重
大便不爽,大便色暗晦
肛门脱垂,便血
肛门脱垂,里急后重
肛门脱垂,大便色暗晦
便血,直肠息肉
便血,大便色暗晦
直肠息肉,里急后重
直肠息肉,大便色暗晦
里急后重,大便色暗晦
肛门坠胀,大便变形
肛门坠胀,大便细
肛门坠胀,尿频
肛门坠胀,肛门坚硬
大便变形,便血
大便变形,大便细
大便变形,尿频
大便变形,肛门坚硬
大便变形,纳差
大便变形,里急后重
大便变形,腹胀
大便变形,大便粘液
便血,大便细
便血,尿频
便血,肛门坚硬
大便细,尿频
大便细,肛门坚硬
大便细,纳差
大便细,里急后重
大便细,腹胀
大便细,大便粘液
尿频,肛门坚硬
尿频,里急后重
尿频,大便粘液
肛门坚硬,纳差
肛门坚硬,里急后重
肛门坚硬,腹胀
肛门坚硬,大便粘液
纳差,大便粘液
腹胀,大便粘液
肛门坠胀,消瘦
肛门坠胀,面黄
肛门坠胀,心悸
大便变形,消瘦
大便变形,呼吸急促
大便变形,乏力
大便变形,便秘
大便变形,面黄
大便变形,心悸
消瘦,呼吸急促
消瘦,大便细
呼吸急促,大便细
大便细,乏力
大便细,便秘
大便细,面黄
大便细,心悸
头皮瘙痒,发热
头皮瘙痒,头皮脱屑
发热,头皮脱屑
发油,不喜饮
发油,口粘
发油,皮疹
发油,头皮脱屑
发油,头发光亮
发油,尿少
发油,口渴
发油,皮肤斑块
发油,尿黄
不喜饮,头皮脱屑
不喜饮,头发光亮
不喜饮,皮肤斑块
口粘,皮疹
口粘,头皮脱屑
口粘,头发光亮
口粘,皮肤斑块
皮疹,头皮脱屑
皮疹,头发光亮
皮疹,尿少
头皮脱屑,头发光亮
头皮脱屑,尿少
头皮脱屑,口渴
头皮脱屑,皮肤斑块
头皮脱屑,尿黄
头发光亮,尿少
头发光亮,口渴
头发光亮,皮肤斑块
头发光亮,尿黄
尿少,皮肤斑块
情绪不稳,行为冲动
情绪不稳,弃衣而走
目赤,行为冲动
目赤,言语错乱
目赤,视力受损
目赤,弃衣而走
目赤,妄想
目赤,视物模糊
行为冲动,烦躁
行为冲动,言语错乱
行为冲动,视力受损
行为冲动,头痛
行为冲动,弃衣而走
行为冲动,面赤
行为冲动,妄想
行为冲动,视物模糊
烦躁,弃衣而走
烦躁,妄想
言语错乱,视力受损
言语错乱,头痛
言语错乱,弃衣而走
言语错乱,面赤
言语错乱,妄想
言语错乱,视物模糊
视力受损,弃衣而走
视力受损,妄想
头痛,弃衣而走
弃衣而走,面赤
弃衣而走,妄想
弃衣而走,视物模糊
面赤,妄想
妄想,视物模糊
头皮瘙痒,欲饮
头皮瘙痒,口渴
头皮瘙痒,皮肤脱屑
头皮瘙痒,面赤
头皮瘙痒,尿黄
头皮瘙痒,便秘
头皮脱屑,欲饮
头皮脱屑,皮肤脱屑
头皮脱屑,面赤
头皮脱屑,便秘
欲饮,皮肤脱屑
口渴,皮肤脱屑
皮肤脱屑,面赤
皮肤脱屑,尿黄
皮肤脱屑,便秘
头皮瘙痒,皮疹
头皮瘙痒,皮肤斑块
头皮瘙痒,发枯
皮疹,发枯
头皮脱屑,发枯
皮肤斑块,皮肤脱屑
皮肤斑块,发枯
皮肤脱屑,发枯
头面瘙痒,口渴
头面瘙痒,面部瘙痒
头面瘙痒,皮肤脱屑
头面瘙痒,面赤
头面瘙痒,发热
头面瘙痒,皮肤瘙痒
口渴,面部瘙痒
面部瘙痒,皮肤脱屑
面部瘙痒,面赤
面部瘙痒,发热
面部瘙痒,皮肤瘙痒
皮肤脱屑,皮肤瘙痒
面赤,皮肤瘙痒
情绪不稳,头皮瘙痒
情绪不稳,头面瘙痒
头皮瘙痒,不寐
头皮瘙痒,烦躁
头皮瘙痒,头面瘙痒
不寐,头面瘙痒
烦躁,头面瘙痒
头面瘙痒,发枯
头皮白色虫卵,头皮瘙痒
头皮白色虫卵,头面瘙痒
头皮白色虫卵,皮疹
头面瘙痒,皮疹
皮疹,疔肿
皮疹,毛发根部有白色鞘围绕
疔肿,皮肤斑块
疔肿,毛发根部有白色鞘围绕
疔肿,发枯
疔肿,皮肤瘙痒
皮肤斑块,毛发根部有白色鞘围绕
毛发根部有白色鞘围绕,发枯
毛发根部有白色鞘围绕,皮肤瘙痒
发枯,皮肤瘙痒
疔肿,皮肤水疱
目眩,手足发热
目眩,发少
目眩,须发细
目眩,面色不荣
目眩,毛发变异
手足发热,发少
手足发热,须发细
手足发热,遗精
手足发热,月经不调
手足发热,毛发变异
汗出,须发细
汗出,毛发变异
腰酸,发少
腰酸,须发细
腰酸,面色不荣
腰酸,毛发变异
发少,须发细
发少,头晕
发少,遗精
发少,月经不调
发少,发热
发少,毛发变异
发少,盗汗
须发细,头晕
须发细,遗精
须发细,月经不调
须发细,面色不荣
须发细,发热
须发细,毛发变异
须发细,盗汗
头晕,毛发变异
遗精,月经不调
遗精,面色不荣
遗精,毛发变异
月经不调,面色不荣
月经不调,毛发变异
面色不荣,毛发变异
发热,毛发变异
毛发变异,盗汗
声低,发少
声低,少气
声低,消瘦
声低,发黄
声低,毛发蓬乱
声低,发枯
声低,发白
声低,毛发变异
发少,少气
发少,毛发蓬乱
发少,发枯
发少,发白
发少,心悸
少气,发黄
少气,毛发蓬乱
少气,发枯
少气,发白
少气,毛发变异
消瘦,毛发蓬乱
消瘦,发白
消瘦,毛发变异
发黄,毛发蓬乱
发黄,乏力
发黄,发枯
发黄,纳差
发黄,发白
发黄,毛发变异
发黄,心悸
发黄,面白
毛发蓬乱,乏力
毛发蓬乱,发枯
毛发蓬乱,纳差
毛发蓬乱,发白
毛发蓬乱,毛发变异
毛发蓬乱,心悸
毛发蓬乱,面白
乏力,发白
乏力,毛发变异
发枯,发白
发枯,毛发变异
发枯,心悸
发枯,面白
纳差,发白
纳差,毛发变异
发白,毛发变异
发白,心悸
发白,面白
毛发变异,心悸
毛发变异,面白
毛发变异,须发白
须发白,发白
多虑,妄想
多虑,神情呆滞
多虑,活动不利
多虑,乏力
多虑,便溏
妄想,神情呆滞
妄想,抑郁
妄想,活动不利
妄想,乏力
妄想,纳差
妄想,少语
妄想,表情呆滞
妄想,便溏
神情呆滞,少语
神情呆滞,表情呆滞
神情呆滞,便溏
抑郁,活动不利
抑郁,乏力
抑郁,表情呆滞
抑郁,便溏
活动不利,少语
活动不利,表情呆滞
乏力,少语
乏力,表情呆滞
纳差,少语
纳差,表情呆滞
少语,便溏
情绪不稳,发少
情绪不稳,脱发
情绪不稳,疔肿
发少,脱发
发少,疔肿
发少,烦躁
发少,口渴
发少,尿黄
发少,便秘
发少,皮肤瘙痒
脱发,疔肿
脱发,烦躁
脱发,口渴
脱发,尿黄
脱发,便秘
脱发,皮肤瘙痒
疔肿,烦躁
疔肿,口渴
疔肿,尿黄
疔肿,便秘
发油,腰酸
发油,发少
发油,耳鸣
发油,头发光泽
发油,头面瘙痒
发油,乏力
腰酸,头皮脱屑
腰酸,头发光泽
腰酸,头面瘙痒
发少,头皮脱屑
发少,耳鸣
发少,头发光泽
发少,头面瘙痒
头皮脱屑,耳鸣
头皮脱屑,头发光泽
头皮脱屑,头面瘙痒
头皮脱屑,乏力
耳鸣,头发光泽
耳鸣,头面瘙痒
头发光泽,头面瘙痒
头发光泽,乏力
头面瘙痒,乏力
发软,声低
发软,发少
发软,少气
发软,肢体麻木
发软,乏力
发软,发枯
发软,感觉异常
发软,心悸
发软,面白
声低,肢体麻木
声低,感觉异常
发少,肢体麻木
发少,感觉异常
少气,肢体麻木
少气,感觉异常
肢体麻木,乏力
肢体麻木,发枯
肢体麻木,面白
乏力,感觉异常
发枯,感觉异常
发少,头痛
发少,面暗
发少,漱水不欲咽
唇色红,面暗
唇色红,漱水不欲咽
口渴,漱水不欲咽
头痛,漱水不欲咽
面暗,漱水不欲咽
欲饮,皮肤瘙痒
欲饮,面部脱屑
口渴,面部脱屑
面赤,皮肤干燥
面赤,面部脱屑
皮肤瘙痒,面部脱屑
皮肤干燥,面部脱屑
皮肤皲裂,面部脱屑
尿黄,面部脱屑
尿短,面部脱屑
便秘,面部脱屑
情绪不稳,面部脱屑
烦躁,面部脱屑
皮疹,鼻干
口渴,鼻干
鼻干,便秘
鼻干,皮肤瘙痒
皮疹,黑头
皮疹,喜冷
皮疹,面部出油
皮疹,毛孔扩大
皮疹,多食
皮疹,口臭
黑头,喜冷
黑头,面部出油
黑头,口渴
黑头,毛孔扩大
黑头,多食
黑头,便秘
黑头,口臭
喜冷,面部出油
喜冷,毛孔扩大
喜冷,多食
面部出油,口渴
面部出油,毛孔扩大
面部出油,多食
面部出油,便秘
面部出油,口臭
口渴,毛孔扩大
毛孔扩大,多食
毛孔扩大,便秘
毛孔扩大,口臭
闭经,行为幼稚
闭经,全身不适
闭经,行为愚蠢
闭经,妄想
闭经,胸胁满
情绪不稳,行为幼稚
情绪不稳,全身不适
情绪不稳,行为愚蠢
行为幼稚,腹痛
行为幼稚,全身不适
行为幼稚,月经色暗
行为幼稚,行为愚蠢
行为幼稚,面暗
行为幼稚,月经过少
行为幼稚,妄想
行为幼稚,胸胁满
腹痛,全身不适
腹痛,行为愚蠢
腹痛,妄想
全身不适,月经色暗
全身不适,行为愚蠢
全身不适,面暗
全身不适,月经过少
全身不适,妄想
全身不适,胸胁满
月经色暗,行为愚蠢
月经色暗,面暗
月经色暗,妄想
月经色暗,胸胁满
行为愚蠢,面暗
行为愚蠢,月经过少
行为愚蠢,妄想
行为愚蠢,胸胁满
月经过少,妄想
月经过少,胸胁满
皮肤瘢痕,皮肤水疱
全身不适,皮疹
全身不适,皮肤不平
全身不适,皮肤结节
全身不适,皮肤囊肿
全身不适,头痛
全身不适,胸部丘疹
全身不适,皮肤出油
皮疹,皮肤不平
皮疹,皮肤结节
皮疹,皮肤囊肿
皮疹,胸部丘疹
皮疹,皮肤出油
皮肤不平,皮肤结节
皮肤不平,皮肤囊肿
皮肤不平,头痛
皮肤不平,发热
皮肤不平,胸部丘疹
皮肤不平,皮肤出油
皮肤结节,皮肤囊肿
皮肤结节,胸部丘疹
皮肤结节,皮肤出油
皮肤囊肿,头痛
皮肤囊肿,发热
皮肤囊肿,胸部丘疹
皮肤囊肿,皮肤出油
头痛,胸部丘疹
头痛,皮肤出油
发热,胸部丘疹
发热,皮肤出油
胸部丘疹,皮肤出油
口渴,鼻端红
口渴,手指抬起
鼻干,鼻端红
鼻干,手指抬起
鼻端红,便秘
鼻端红,手指抬起
便秘,手指抬起
口渴,鼻痛
口渴,鼻肿
鼻痛,鼻端红
鼻痛,鼻肿
鼻痛,尿黄
鼻痛,肢体痛
鼻痛,便秘
鼻痛,鼻热
鼻端红,鼻肿
鼻端红,尿黄
鼻端红,肢体痛
鼻端红,鼻热
鼻肿,尿黄
鼻肿,肢体痛
鼻肿,便秘
鼻肿,鼻热
肢体痛,鼻热
便秘,鼻热
皮疹,鼻端红
鼻端红,面赤
鼻端红,月经不调
鼻端红,毛细血管扩张
鼻端红,毛孔扩大
鼻端红,皮肤增厚
毛细血管扩张,毛孔扩大
毛细血管扩张,皮肤增厚
毛孔扩大,皮肤增厚
情绪不稳,关节痛
谵语,关节痛
谵语,乏力
谵语,肢体痛
昏迷,关节痛
烦躁,关节痛
关节痛,口渴
关节痛,尿黄
关节痛,乏力
关节痛,尿短
关节痛,便秘
关节痛,抽搐
关节痛,意识障碍
耳鸣,皮肤斑块
耳鸣,唇燥
视力受损,唇燥
头晕,唇燥
唇燥,乏力
唇燥,月经不调
唇燥,视物模糊
闭经,胸水
闭经,腹水
闭经,皮疹
闭经,发少
闭经,皮肤斑块
闭经,尿不利
闭经,精神恍惚
闭经,面白
浮肿,胸水
浮肿,腹水
浮肿,皮疹
浮肿,发少
浮肿,皮肤斑块
浮肿,精神恍惚
胸水,腹水
胸水,皮疹
胸水,发少
胸水,肢冷
胸水,皮肤斑块
胸水,乏力
胸水,尿不利
胸水,月经过少
胸水,形寒
胸水,精神恍惚
胸水,面白
腹水,皮疹
腹水,发少
腹水,肢冷
腹水,皮肤斑块
腹水,乏力
腹水,尿不利
腹水,月经过少
腹水,形寒
腹水,精神恍惚
腹水,面白
皮疹,发少
皮疹,尿不利
皮疹,形寒
发少,肢冷
发少,皮肤斑块
发少,月经过少
发少,形寒
发少,精神恍惚
肢冷,皮肤斑块
肢冷,精神恍惚
皮肤斑块,尿不利
皮肤斑块,形寒
皮肤斑块,精神恍惚
皮肤斑块,面白
尿不利,月经过少
月经过少,精神恍惚
形寒,精神恍惚
咽干,关节痛
情绪不稳,关节不利
皮疹,关节不利
烦躁,关节不利
皮肤斑块,关节不利
尿黄,关节不利
尿短,关节不利
便秘,关节不利
情绪不稳,情感淡漠
手足发热,情绪紧张
手足发热,情感淡漠
手足发热,妄想
不寐,情感淡漠
不寐,妄想
耳鸣,情绪紧张
耳鸣,情感淡漠
耳鸣,情绪焦虑
耳鸣,妄想
情绪紧张,情感淡漠
情绪紧张,口渴
情绪紧张,尿黄
情绪紧张,尿短
情绪紧张,便秘
情绪紧张,妄想
情感淡漠,口渴
情感淡漠,情绪焦虑
情感淡漠,尿黄
情感淡漠,面赤
情感淡漠,尿短
情感淡漠,发热
情感淡漠,便秘
情感淡漠,妄想
口渴,妄想
情绪焦虑,妄想
尿黄,妄想
尿短,妄想
发热,妄想
便秘,妄想
闭经,恶心
闭经,肝肿大
闭经,嗳气
闭经,脾肿大
闭经,月经夹瘀
闭经,腹胀
恶心,肝肿大
恶心,月经色暗
恶心,脾肿大
恶心,月经夹瘀
不寐,肝肿大
不寐,脾肿大
不寐,月经夹瘀
皮疹,肝肿大
皮疹,月经色暗
皮疹,嗳气
皮疹,脾肿大
皮疹,月经夹瘀
肝肿大,月经色暗
肝肿大,胁痛
肝肿大,嗳气
肝肿大,皮肤斑块
肝肿大,头晕
肝肿大,脾肿大
肝肿大,月经夹瘀
肝肿大,纳差
肝肿大,腹胀
月经色暗,嗳气
月经色暗,皮肤斑块
月经色暗,脾肿大
胁痛,脾肿大
胁痛,月经夹瘀
嗳气,皮肤斑块
嗳气,脾肿大
嗳气,月经夹瘀
皮肤斑块,脾肿大
皮肤斑块,月经夹瘀
头晕,脾肿大
头晕,月经夹瘀
脾肿大,月经夹瘀
脾肿大,纳差
脾肿大,腹胀
月经夹瘀,纳差
月经夹瘀,腹胀
肿块,皮肤鳞屑
肿块,皮肤痛
肿块,唇疮
皮肤鳞屑,皮肤痛
皮肤鳞屑,唇疮
皮肤痛,唇疮
皮肤脱屑,口唇肿
皮肤脱屑,唇疮
口唇肿,唇疮
皮疹,口唇皮肤增厚
皮疹,面部斑块
皮疹,唇疮
口唇皮肤增厚,皮肤斑块
口唇皮肤增厚,面部斑块
口唇皮肤增厚,面赤
口唇皮肤增厚,唇疮
皮肤斑块,面部斑块
皮肤斑块,唇疮
面部斑块,面赤
面部斑块,唇疮
面赤,唇疮
皮损,口腔白膜
皮损,唇疮
口腔白膜,唇疮
咽痛,呕吐
咽痛,口唇发热
咽痛,口唇肿
恶寒,口唇发热
呕吐,皮肤瘙痒
呕吐,口唇发热
发热,口唇发热
皮肤瘙痒,口唇发热
皮肤瘙痒,口唇肿
口唇发热,口唇肿
腹泻,唇色淡
腹泻,口唇肿
不喜饮,唇色淡
不喜饮,口唇肿
唇色淡,口唇肿
皮肤斑块,口唇肿
口唇肿,皮疹
腰酸,手足紫绀
腰酸,四肢痛
腰酸,手足苍白
手足紫绀,肢体痛
手足紫绀,尿清
手足紫绀,四肢痛
手足紫绀,手足苍白
手足紫绀,便溏
肢体痛,手足苍白
尿清,四肢痛
尿清,手足苍白
四肢痛,手足苍白
四肢痛,便溏
手足苍白,便溏
情绪不稳,手足紫绀
情绪不稳,手指色白
情绪不稳,手肿
情绪不稳,手青
手足紫绀,手指色白
手足紫绀,胁胀
手足紫绀,胁痛
手足紫绀,烦躁
手足紫绀,手肿
手足紫绀,手青
手指色白,胁胀
手指色白,胁痛
手指色白,烦躁
手指色白,手肿
手指色白,手青
胁胀,手肿
胁胀,手青
胁痛,手肿
胁痛,手青
烦躁,手肿
烦躁,手青
手肿,手青
反应迟钝,情感淡漠
反应迟钝,肢冷
反应迟钝,面色不荣
反应迟钝,思维贫乏
反应迟钝,妄想
反应迟钝,形寒
反应迟钝,意识障碍
反应迟钝,面白
情感淡漠,肢冷
情感淡漠,乏力
情感淡漠,面色不荣
情感淡漠,思维贫乏
情感淡漠,形寒
情感淡漠,意识障碍
情感淡漠,面白
肢冷,思维贫乏
肢冷,妄想
乏力,思维贫乏
面色不荣,思维贫乏
面色不荣,妄想
面色不荣,形寒
思维贫乏,妄想
思维贫乏,形寒
思维贫乏,意识障碍
思维贫乏,面白
妄想,形寒
妄想,意识障碍
妄想,面白
手足紫绀,皮疹
手足紫绀,呼吸急促
手足紫绀,皮肤斑块
手足紫绀,肢冷
手足紫绀,乏力
手足紫绀,指趾青紫
手足紫绀,皮肤麻木
手足紫绀,感觉异常
手足紫绀,面白
皮疹,指趾青紫
皮疹,皮肤麻木
皮疹,感觉异常
呼吸急促,指趾青紫
呼吸急促,皮肤麻木
皮肤斑块,指趾青紫
皮肤斑块,皮肤麻木
皮肤斑块,感觉异常
肢冷,指趾青紫
肢冷,皮肤麻木
肢冷,感觉异常
乏力,指趾青紫
乏力,皮肤麻木
指趾青紫,皮肤麻木
指趾青紫,肢体痛
指趾青紫,感觉异常
指趾青紫,面白
皮肤麻木,肢体痛
皮肤瘙痒,手足脱屑
肥胖,少津
肥胖,皮肤脱屑
肥胖,手足脱屑
口渴,手足脱屑
少津,皮肤脱屑
少津,手足脱屑
皮肤脱屑,手足脱屑
皮肤瘙痒,皮损
手足脱屑,皮损
皮肤脱屑,皮损
皮疹,掌跖发疱
皮肤脱屑,掌跖发疱
皮肤脱屑,皮肤干燥
皮肤脱屑,皮肤水疱
掌跖发疱,皮肤干燥
掌跖发疱,皮肤水疱
皮疹,足部红
足部红,口渴
足部红,恶寒
足部红,尿黄
足部红,掌跖发疱
足部红,发热
足部红,便秘
足部红,皮肤水疱
口渴,掌跖发疱
恶寒,掌跖发疱
尿黄,掌跖发疱
掌跖发疱,发热
掌跖发疱,便秘
皮损,皮疹
皮损,腹胀
皮损,乏力
皮损,掌跖发疱
皮损,便溏
皮损,皮肤水疱
腹胀,掌跖发疱
腹胀,皮肤瘙痒
腹胀,皮肤水疱
乏力,掌跖发疱
掌跖发疱,皮肤瘙痒
掌跖发疱,便溏
便溏,皮肤水疱
皮疹,灰指甲
皮疹,足癣
灰指甲,足癣
灰指甲,皮肤脱屑
灰指甲,掌跖发疱
灰指甲,皮肤瘙痒
灰指甲,皮肤水疱
足癣,皮肤脱屑
足癣,掌跖发疱
足癣,皮肤瘙痒
足癣,皮肤水疱
甲板黄色斑,足癣
甲板黄色斑,爪甲枯
甲板黄色斑,指甲变异
甲板黄色斑,爪甲薄
足癣,爪甲枯
足癣,指甲变异
足癣,爪甲薄
爪甲枯,指甲变异
指甲变异,爪甲薄
指甲剥离,爪甲薄
指甲剥离,爪白
指甲剥离,指甲变异
爪甲薄,爪白
爪白,指甲变异
汗出,郑声
汗出,目凹陷
汗出,喜冷
汗出,重语
汗出,皮肤干燥
郑声,目凹陷
郑声,喜冷
郑声,昏迷
郑声,口渴
郑声,呼吸急促
郑声,面赤
郑声,重语
郑声,皮肤干燥
郑声,意识障碍
目凹陷,喜冷
目凹陷,昏迷
目凹陷,呼吸急促
目凹陷,面赤
目凹陷,重语
目凹陷,皮肤干燥
目凹陷,意识障碍
喜冷,昏迷
喜冷,呼吸急促
喜冷,重语
喜冷,皮肤干燥
喜冷,意识障碍
昏迷,重语
昏迷,皮肤干燥
口渴,重语
呼吸急促,重语
面赤,重语
重语,皮肤干燥
重语,意识障碍
皮肤干燥,意识障碍
爪甲变形,指甲变异
爪甲变形,汗出
爪甲变形,不寐
爪甲变形,呼吸急促
爪甲变形,头晕
爪甲变形,心悸
爪甲变形,面白
汗出,指甲变异
汗出,爪甲薄
不寐,指甲变异
不寐,爪甲薄
呼吸急促,指甲变异
呼吸急促,爪甲薄
头晕,指甲变异
头晕,爪甲薄
指甲变异,心悸
指甲变异,面白
爪甲薄,心悸
爪甲薄,面白
甲沟肿胀,指甲变异
甲沟肿胀,指甲扁平
指甲变异,指甲扁平
情绪不稳,指缝湿烂
皮疹,指缝湿烂
烦躁,指缝湿烂
指缝湿烂,尿黄
指缝湿烂,面赤
指缝湿烂,便秘
指缝湿烂,皮肤瘙痒
指缝湿烂,皮肤水疱
面赤,皮肤水疱
皮疹,皮肤色白
皮肤色白,指缝湿烂
皮肤色白,皮肤脱屑
皮肤色白,皮肤瘙痒
皮肤色白,皮肤干燥
皮肤色白,皮肤水疱
指缝湿烂,皮肤脱屑
指缝湿烂,皮肤干燥
肢肿,手足多汗
肢肿,汗出
肢肿,皮疹
肢肿,足癣
肢肿,指缝湿烂
肢肿,指缝水疱
肢肿,皮肤瘙痒
肢肿,皮肤水疱
手足多汗,面黄
手足多汗,皮疹
手足多汗,足癣
手足多汗,指缝湿烂
手足多汗,指缝水疱
手足多汗,皮肤瘙痒
手足多汗,便溏
手足多汗,皮肤水疱
汗出,足癣
汗出,指缝湿烂
汗出,指缝水疱
面黄,足癣
面黄,指缝湿烂
面黄,指缝水疱
皮疹,指缝水疱
腹胀,足癣
腹胀,指缝湿烂
腹胀,指缝水疱
足癣,指缝湿烂
足癣,指缝水疱
足癣,便溏
指缝湿烂,指缝水疱
指缝湿烂,便溏
指缝水疱,皮肤瘙痒
指缝水疱,便溏
指缝水疱,皮肤水疱
发少,四肢麻木
发少,眉毛脱落
发少,无汗
发少,皮肤麻木
发少,皮肤干燥
发少,鼻梁塌陷
皮疹,四肢麻木
皮疹,眉毛脱落
皮疹,无汗
皮疹,鼻梁塌陷
四肢麻木,眉毛脱落
四肢麻木,皮肤斑块
四肢麻木,无汗
四肢麻木,乏力
四肢麻木,皮肤麻木
四肢麻木,皮肤干燥
四肢麻木,鼻梁塌陷
眉毛脱落,皮肤斑块
眉毛脱落,无汗
眉毛脱落,乏力
眉毛脱落,皮肤麻木
眉毛脱落,感觉异常
眉毛脱落,皮肤干燥
眉毛脱落,鼻梁塌陷
皮肤斑块,无汗
皮肤斑块,皮肤干燥
皮肤斑块,鼻梁塌陷
无汗,皮肤麻木
无汗,皮肤干燥
无汗,鼻梁塌陷
乏力,鼻梁塌陷
皮肤麻木,皮肤干燥
皮肤麻木,鼻梁塌陷
感觉异常,皮肤干燥
感觉异常,鼻梁塌陷
皮肤干燥,鼻梁塌陷
手足沉重,关节痛
手足沉重,皮肤麻木
手足沉重,肢体痛
手足沉重,感觉异常
关节痛,皮肤麻木
关节痛,感觉异常
皮肤色凉,喜暖
皮肤色凉,感觉异常
皮肤色凉,月经不调
皮肤色凉,皮肤麻木
皮肤色凉,崩漏
喜暖,感觉异常
喜暖,月经不调
喜暖,皮肤麻木
喜暖,崩漏
感觉异常,月经不调
感觉异常,崩漏
月经不调,皮肤麻木
皮肤麻木,崩漏
呼吸微弱,不喜饮
呼吸微弱,郑声
呼吸微弱,昏迷
呼吸微弱,喃喃自语
呼吸微弱,呼吸急促
呼吸微弱,冷汗
呼吸微弱,喜热饮
呼吸微弱,言语重复
呼吸微弱,面白
不喜饮,郑声
不喜饮,喃喃自语
不喜饮,冷汗
不喜饮,喜热饮
不喜饮,言语重复
汗出,喃喃自语
汗出,喜热饮
汗出,言语重复
郑声,喃喃自语
郑声,肢冷
郑声,冷汗
郑声,乏力
郑声,喜热饮
郑声,言语重复
郑声,面白
昏迷,喃喃自语
昏迷,喜热饮
昏迷,言语重复
喃喃自语,肢冷
喃喃自语,冷汗
喃喃自语,乏力
喃喃自语,喜热饮
喃喃自语,言语重复
喃喃自语,意识障碍
喃喃自语,面白
呼吸急促,冷汗
呼吸急促,喜热饮
呼吸急促,言语重复
肢冷,言语重复
冷汗,乏力
冷汗,喜热饮
冷汗,言语重复
乏力,言语重复
喜热饮,言语重复
喜热饮,意识障碍
喜热饮,面白
言语重复,意识障碍
言语重复,面白
情绪不稳,颜面肿
情绪不稳,目肿
情绪不稳,皮肤痛
咽干,颜面肿
咽干,目肿
咽干,皮肤痛
烦躁,颜面肿
烦躁,目肿
烦躁,皮肤痛
关节痛,颜面肿
关节痛,目肿
关节痛,口苦
关节痛,皮肤痛
颜面肿,恶寒
颜面肿,乏力
颜面肿,发热
颜面肿,纳差
颜面肿,肢体痛
颜面肿,目肿
颜面肿,口苦
颜面肿,皮肤痛
恶寒,目肿
恶寒,口苦
恶寒,皮肤痛
乏力,目肿
乏力,皮肤痛
发热,目肿
发热,皮肤痛
纳差,目肿
纳差,皮肤痛
肢体痛,目肿
肢体痛,皮肤痛
目肿,口苦
目肿,皮肤痛
呼吸急促,四肢痛
呼吸急促,皮肤痛
心悸,四肢痛
心悸,皮肤痛
纳差,四肢痛
面黄,四肢痛
面黄,皮肤痛
四肢痛,皮肤痛
皮肤痛,便溏
皮肤色凉,皮肤色紫
皮肤色凉,活动不利
皮肤色凉,关节痛
皮肤色凉,不耐久立
皮肤色凉,面暗
皮肤色凉,肢体痛
皮肤色凉,皮肤痛
皮肤色紫,活动不利
皮肤色紫,关节痛
皮肤色紫,不耐久立
皮肤色紫,面暗
皮肤色紫,肢体痛
皮肤色紫,皮肤痛
活动不利,不耐久立
活动不利,面暗
活动不利,皮肤痛
关节痛,不耐久立
关节痛,面暗
不耐久立,面暗
不耐久立,肢体痛
不耐久立,皮肤痛
面暗,皮肤痛
情绪不稳,皮肤脱屑
烦躁,皮肤脱屑
皮肤脱屑,尿短
视力受损,皮肤脱屑
视力受损,皮肤鳞屑
头晕,皮肤脱屑
头晕,皮肤鳞屑
皮肤脱屑,皮肤鳞屑
皮肤脱屑,视物模糊
皮肤脱屑,面白
皮肤干燥,皮肤鳞屑
皮肤鳞屑,视物模糊
皮肤鳞屑,面白
咽干,全身不适
咽干,皮肤脱屑
咽干,皮肤鳞屑
全身不适,皮肤脱屑
全身不适,皮肤鳞屑
发热,皮肤鳞屑
情绪不稳,足部脱屑
情绪不稳,手部脱屑
恶心,足部脱屑
恶心,手部脱屑
恶心,皮肤脱屑
足部脱屑,手部脱屑
足部脱屑,烦躁
足部脱屑,口渴
足部脱屑,多饮
足部脱屑,头痛
足部脱屑,皮肤脱屑
足部脱屑,面赤
足部脱屑,发热
手部脱屑,烦躁
手部脱屑,口渴
手部脱屑,多饮
手部脱屑,头痛
手部脱屑,皮肤脱屑
手部脱屑,面赤
手部脱屑,发热
多饮,皮肤脱屑
头痛,皮肤脱屑
皮肤皲裂,皮损
皮肤皲裂,皮肤干燥
皮损,皮肤干燥
皮肤皲裂,肘部皲裂
皮肤皲裂,膝关节皲裂
皮肤皲裂,皮疹
皮肤皲裂,皮肤斑块
肘部皲裂,膝关节皲裂
肘部皲裂,皮疹
肘部皲裂,皮肤斑块
肘部皲裂,皮肤瘙痒
膝关节皲裂,皮疹
膝关节皲裂,皮肤斑块
膝关节皲裂,皮肤瘙痒
自汗,喃喃自语
自汗,健忘
自汗,喜悲
自汗,精神恍惚
自汗,喜静
汗出,喜静
不寐,喃喃自语
不寐,喜静
哭,喃喃自语
哭,健忘
哭,乏力
哭,精神恍惚
哭,喜静
喃喃自语,健忘
喃喃自语,喜悲
喃喃自语,面色不荣
喃喃自语,胸闷
喃喃自语,心悸
喃喃自语,精神恍惚
呼吸急促,喜悲
呼吸急促,精神恍惚
健忘,喜悲
健忘,胸闷
健忘,喜静
乏力,喜悲
乏力,喜静
喜悲,面色不荣
喜悲,精神恍惚
喜悲,喜静
面色不荣,喜静
胸闷,喜静
心悸,精神恍惚
心悸,喜静
精神恍惚,喜静
皮肤皲裂,手掌心皲裂
皮肤皲裂,手痛
皮肤皲裂,四肢痛
皮肤皲裂,皮肤水疱
皮损,皮肤斑块
皮损,手掌心皲裂
皮损,手痛
皮损,四肢痛
皮疹,手掌心皲裂
皮疹,手痛
皮疹,四肢痛
皮肤斑块,手掌心皲裂
皮肤斑块,手痛
皮肤斑块,四肢痛
皮肤斑块,皮肤水疱
手掌心皲裂,手痛
手掌心皲裂,皮肤瘙痒
手掌心皲裂,四肢痛
手掌心皲裂,皮肤水疱
手痛,皮肤瘙痒
手痛,四肢痛
手痛,皮肤水疱
皮肤瘙痒,四肢痛
四肢痛,皮肤水疱
皮肤皲裂,灰指甲
皮肤皲裂,皮肤脱屑
皮肤皲裂,皮肤增厚
灰指甲,皮肤增厚
皮肤脱屑,皮肤增厚
皮肤瘙痒,皮肤增厚
皮疹,皮肤发热
皮肤瘙痒,皮肤发热
皮疹,胃脘不适
胃脘不适,腹胀
胃脘不适,尿黄
胃脘不适,尿短
胃脘不适,便秘
胃脘不适,皮肤瘙痒
皮肤色凉,肿块
皮肤色凉,皮疹
皮肤色凉,皮肤水疱
肿块,皮疹
肿块,皮肤水疱
口淡,食而不化
口淡,喜暖
口淡,胃寒
食而不化,喜暖
食而不化,不喜饮
食而不化,肢冷
食而不化,恶寒
食而不化,胃寒
食而不化,面白
腹痛,胃寒
喜暖,不喜饮
喜暖,胃寒
不喜饮,胃寒
肢冷,胃寒
恶寒,胃寒
乏力,胃寒
纳差,胃寒
胃寒,腹胀
胃寒,便溏
胃寒,面白
胁胀,喃喃自语
胁胀,言语错乱
胁胀,哭笑无常
胁胀,表情呆滞
喃喃自语,言语错乱
喃喃自语,抑郁
喃喃自语,善太息
喃喃自语,纳差
言语错乱,抑郁
言语错乱,善太息
言语错乱,哭笑无常
言语错乱,表情呆滞
抑郁,哭笑无常
善太息,哭笑无常
善太息,表情呆滞
哭笑无常,纳差
全身不适,皮肤斑块
咽干,皮肤水疱
咽干,饮冷
皮疹,饮冷
皮肤水疱,饮冷
头痛,饮冷
皮肤水疱,不喜饮
皮肤水疱,肥胖
肥胖,皮疹
腰酸,皮疹
腰酸,背痛
不寐,背痛
皮疹,背痛
发热,背痛
背痛,盗汗
情绪不稳,时躁时静
胸痛,时躁时静
胸痛,喃喃自语
胸痛,神情呆滞
胸痛,健忘
时躁时静,喃喃自语
时躁时静,胁痛
时躁时静,神情呆滞
时躁时静,健忘
时躁时静,头痛
时躁时静,面暗
时躁时静,幻觉
喃喃自语,胁痛
喃喃自语,神情呆滞
喃喃自语,头痛
喃喃自语,面暗
喃喃自语,幻觉
胁痛,健忘
神情呆滞,头痛
神情呆滞,幻觉
健忘,头痛
健忘,幻觉
不喜饮,皮肤瘙痒
皮疹,皮肤油亮
皮疹,多饮
皮肤油亮,多饮
皮肤油亮,便秘
肢肿,胃脘不适
肢肿,脂水淋漓
肢肿,皮肤溃烂
面黄,胃脘不适
面黄,脂水淋漓
面黄,皮肤溃烂
胃脘不适,脂水淋漓
胃脘不适,纳差
胃脘不适,皮肤溃烂
胃脘不适,便溏
脂水淋漓,纳差
脂水淋漓,皮肤溃烂
脂水淋漓,便溏
皮肤溃烂,便溏
不喜饮,皮肤脱屑
不喜饮,皮肤溃烂
皮肤脱屑,皮肤溃烂
皮肤溃烂,皮肤干燥
皮疹,皮肤皱纹
皮疹,皮肤萎缩
口渴,皮肤皱纹
口渴,皮肤萎缩
头痛,皮肤皱纹
头痛,皮肤萎缩
皮肤皱纹,尿黄
皮肤皱纹,尿短
皮肤皱纹,发热
皮肤皱纹,便秘
皮肤皱纹,皮肤萎缩
尿黄,皮肤萎缩
尿短,皮肤萎缩
发热,皮肤萎缩
便秘,皮肤萎缩
足冷,身冷
足冷,皮肤干燥
足冷,皮肤萎缩
身冷,手冷
身冷,皮肤干燥
身冷,皮肤萎缩
手冷,皮肤干燥
手冷,皮肤萎缩
皮肤干燥,皮肤萎缩
面部皮肤萎缩,皮肤塌陷
面部皮肤萎缩,面色不荣
面部皮肤萎缩,纳差
面部皮肤萎缩,便溏
面部皮肤萎缩,皮肤萎缩
皮肤塌陷,面色不荣
皮肤塌陷,纳差
皮肤塌陷,便溏
皮肤塌陷,皮肤萎缩
面色不荣,皮肤萎缩
纳差,皮肤萎缩
便溏,皮肤萎缩
发少,皮肤脱屑
发少,皮肤松弛
发少,皮肤萎缩
发少,面部薄
发少,女性出现胡须
皮肤脱屑,皮肤松弛
皮肤脱屑,皮肤萎缩
皮肤脱屑,面部薄
皮肤脱屑,女性出现胡须
皮肤松弛,皮肤萎缩
皮肤松弛,面部薄
皮肤松弛,女性出现胡须
皮肤萎缩,面部薄
皮肤萎缩,女性出现胡须
面部薄,女性出现胡须
不寐,少语
声低,言语错乱
声低,健忘
声低,面色不荣
声低,少语
声低,肢软
易惊,言语错乱
易惊,健忘
易惊,少语
易惊,肢软
言语错乱,少语
言语错乱,心悸
健忘,少语
健忘,肢软
面色不荣,少语
面色不荣,肢软
少语,肢软
少语,心悸
肢软,心悸
皮损,皮肤瘢痕
皮肤色红,消瘦
皮肤色红,皮下结节
皮肤色红,皮肤干燥
消瘦,皮下结节
皮下结节,皮肤干燥
腹泻,皮下结节
腹泻,皮肤瘙痒
皮下结节,皮肤瘙痒
皮下结节,便溏
咽痛,关节痛
咽痛,皮下结节
咽痛,肢体痛
足冷,皮下结节
皮下结节,手冷
面部结节,感觉异常
面部结节,皮下结节
感觉异常,皮下结节
肥胖,皮肤肥厚
肥胖,皮肤色暗
肥胖,皮肤瘙痒
肥胖,皮肤干燥
皮肤肥厚,皮肤色暗
皮肤肥厚,皮肤瘙痒
皮肤肥厚,皮肤干燥
皮肤色暗,皮肤瘙痒
皮肤色暗,皮肤干燥
不寐,皮肤肥厚
皮肤肥厚,皮疹
皮肤肥厚,健忘
皮肤肥厚,皮肤斑块
皮肤肥厚,心悸
皮疹,健忘
健忘,皮肤斑块
健忘,皮肤瘙痒
皮肤斑块,心悸
皮损,皮肤肥厚
胸胁胀,言语错乱
善太息,少语
情绪不稳,皮肤肥厚
情绪不稳,皮肤色暗
情绪不稳,皮嵴显著
皮肤肥厚,烦躁
皮肤肥厚,抑郁
皮肤肥厚,皮嵴显著
皮肤肥厚,头晕
皮疹,皮肤色暗
皮疹,抑郁
皮疹,皮嵴显著
不寐,皮肤色暗
不寐,皮嵴显著
皮肤色暗,烦躁
皮肤色暗,抑郁
皮肤色暗,皮肤斑块
皮肤色暗,皮嵴显著
皮肤色暗,头晕
皮肤色暗,心悸
烦躁,皮嵴显著
抑郁,皮肤斑块
抑郁,皮嵴显著
抑郁,心悸
皮肤斑块,皮嵴显著
皮嵴显著,头晕
皮嵴显著,心悸
咽干,发少
耳鸣,关节痛
盗汗,关节痛
盗汗,下肢无力
腰酸,关节痛
腰酸,皮肤斑块
发少,关节痛
发少,视物模糊
发少,不寐
发少,视力受损
发少,肢体痛
皮疹,下肢无力
关节痛,视物模糊
关节痛,不寐
关节痛,视力受损
关节痛,下肢无力
关节痛,头晕
皮肤斑块,下肢无力
浮肿,便血
浮肿,崩漏
皮疹,崩漏
便血,崩漏
便血,面白
皮肤斑块,崩漏
皮疹,性急
性急,口渴
性急,皮肤斑块
性急,尿黄
性急,皮肤瘙痒
皮疹,足背红斑
咽痛,皮肤斑块
咽痛,面部斑块
咽痛,足背红斑
口渴,面部斑块
口渴,足背红斑
皮肤斑块,足背红斑
头痛,面部斑块
头痛,足背红斑
面部斑块,尿黄
面部斑块,发热
面部斑块,便秘
面部斑块,足背红斑
尿黄,足背红斑
发热,足背红斑
便秘,足背红斑
浮肿,口粘
浮肿,大便不爽
浮肿,皮肤发热
浮肿,活动不利
浮肿,带下臭秽
浮肿,皮肤痛
口粘,大便不爽
口粘,皮肤发热
口粘,活动不利
口粘,带下臭秽
口粘,皮肤痛
大便不爽,皮疹
大便不爽,皮肤发热
大便不爽,活动不利
大便不爽,皮肤斑块
大便不爽,纳差
大便不爽,带下臭秽
大便不爽,腹胀
大便不爽,皮肤痛
皮疹,活动不利
皮疹,带下臭秽
皮肤发热,活动不利
皮肤发热,皮肤斑块
皮肤发热,纳差
皮肤发热,白带色黄
皮肤发热,带下臭秽
皮肤发热,腹胀
皮肤发热,皮肤痛
活动不利,皮肤斑块
活动不利,带下臭秽
活动不利,腹胀
皮肤斑块,白带色黄
皮肤斑块,带下臭秽
纳差,带下臭秽
白带色黄,腹胀
白带色黄,皮肤痛
带下臭秽,腹胀
带下臭秽,皮肤痛
腹胀,皮肤痛
下肢肿,情绪不稳
下肢肿,牙龈溃烂
下肢肿,皮疹
下肢肿,咽痛
下肢肿,烦躁
下肢肿,口渴
下肢肿,腿青
下肢肿,皮肤斑块
下肢肿,乏力
下肢肿,发热
下肢肿,皮肤瘙痒
情绪不稳,牙龈溃烂
情绪不稳,腿青
浮肿,牙龈溃烂
浮肿,咽痛
浮肿,腿青
牙龈溃烂,皮疹
牙龈溃烂,咽痛
牙龈溃烂,烦躁
牙龈溃烂,腿青
牙龈溃烂,皮肤斑块
牙龈溃烂,乏力
牙龈溃烂,发热
牙龈溃烂,皮肤瘙痒
皮疹,腿青
咽痛,腿青
烦躁,腿青
口渴,腿青
腿青,皮肤斑块
腿青,乏力
腿青,发热
腿青,皮肤瘙痒
口粘,白带稠
口粘,关节痛
口粘,关节不利
大便不爽,白带稠
大便不爽,关节痛
大便不爽,关节不利
皮疹,白带稠
白带稠,关节痛
白带稠,皮肤斑块
白带稠,乏力
白带稠,肢体痛
白带稠,带下臭秽
白带稠,关节不利
关节痛,带下臭秽
乏力,带下臭秽
肢体痛,带下臭秽
带下臭秽,关节不利
皮损,面黄
皮损,便血
皮损,呼吸急促
皮损,纳差
皮损,崩漏
皮损,少言
皮疹,少言
便血,呼吸急促
皮肤斑块,少言
腹痛,言语错乱
言语错乱,恶露不断
言语错乱,月经不调
恶露不断,月经不调
腹泻,喜暖
喜暖,皮疹
喜暖,皮肤斑块
喜暖,面黄
足冷,皮疹
足冷,肢冷
足冷,皮肤斑块
皮疹,手冷
手冷,肢冷
手冷,皮肤斑块
皮肤斑块,尿清
皮疹,胁胀
胁胀,皮肤斑块
腹痛,鳞屑
鳞屑,皮疹
鳞屑,面黄
鳞屑,消瘦
鳞屑,皮肤斑块
鳞屑,大便不调
鳞屑,皮肤瘙痒
消瘦,皮肤瘙痒
皮肤斑块,大便不调
大便不调,皮肤瘙痒
情绪不稳,面部斑块
烦躁,面部斑块
胁痛,面部斑块
皮疹,耳后黑斑
皮疹,腋窝斑
耳后黑斑,皮肤斑块
耳后黑斑,面部斑块
耳后黑斑,乏力
耳后黑斑,纳差
耳后黑斑,腹胀
耳后黑斑,便溏
耳后黑斑,腋窝斑
皮肤斑块,腋窝斑
面部斑块,乏力
面部斑块,纳差
面部斑块,腹胀
面部斑块,便溏
面部斑块,腋窝斑
乏力,腋窝斑
纳差,腋窝斑
腹胀,腋窝斑
便溏,腋窝斑
皮疹,早泄
皮疹,遗精
早泄,皮肤斑块
皮肤斑块,遗精
恶心,喃喃自语
恶心,言语错乱
喃喃自语,头晕
喃喃自语,腹胀
言语错乱,头晕
言语错乱,腹胀
神情呆滞,头晕
咽干,皮损
咽干,皮肤粘连
咽干,肌肤甲错
咽干,皮肤色灰
皮损,汗出
皮损,皮肤粘连
皮损,肌肤甲错
皮损,口渴
皮损,皮肤色灰
汗出,皮肤粘连
汗出,皮肤脱屑
汗出,皮肤色灰
皮肤粘连,肌肤甲错
皮肤粘连,口渴
皮肤粘连,皮肤脱屑
皮肤粘连,皮肤瘙痒
皮肤粘连,皮肤色灰
肌肤甲错,皮肤脱屑
肌肤甲错,皮肤瘙痒
肌肤甲错,皮肤色灰
口渴,皮肤色灰
皮肤脱屑,皮肤色灰
皮肤瘙痒,皮肤色灰
皮疹,肌肤甲错
皮疹,掌跖角化
皮疹,指甲变异
皮疹,掌跖皲裂
肌肤甲错,掌跖角化
肌肤甲错,指甲变异
肌肤甲错,掌跖皲裂
皮肤脱屑,掌跖角化
皮肤脱屑,指甲变异
皮肤脱屑,掌跖皲裂
掌跖角化,指甲变异
掌跖角化,皮肤瘙痒
掌跖角化,皮肤干燥
掌跖角化,掌跖皲裂
指甲变异,皮肤瘙痒
指甲变异,皮肤干燥
指甲变异,掌跖皲裂
皮肤瘙痒,掌跖皲裂
皮肤干燥,掌跖皲裂
皮肤瘙痒,恶臭
肌肤甲错,恶臭
皮疹,恶臭
目眩,皮疹
目眩,肌肤甲错
目眩,腰臀皮损
皮疹,腰臀皮损
皮疹,目干
肌肤甲错,腰臀皮损
肌肤甲错,目干
肌肤甲错,肢体痛
腰臀皮损,目干
腰臀皮损,肢体痛
腰臀皮损,皮肤干燥
目干,皮肤干燥
肢体痛,皮肤干燥
皮损,皮肤疣赘
皮疹,皮肤疣赘
皮肤瘙痒,皮肤疣赘
皮肤斑块,皮肤疣赘
情绪不稳,白疕
皮疹,白疕
烦躁,白疕
口渴,白疕
白疕,皮肤斑块
白疕,便秘
白疕,皮肤瘙痒
皮损,白疕
皮损,肢体痛
白疕,肢体痛
皮肤水疱,皮肤渗出
皮肤水疱,白疕
皮肤渗出,皮疹
皮肤渗出,白疕
白疕,恶寒
白疕,面赤
白疕,尿黄
白疕,发热
白疕,皮肤发热
恶寒,皮肤发热
面赤,皮肤发热
便秘,皮肤发热
皮疹,关节变形
关节变形,关节痛
关节变形,白疕
关节变形,肢体痛
关节痛,白疕
无汗,面赤
无汗,皮肤瘙痒
足冷,猫眼疮
足冷,关节痛
皮疹,猫眼疮
猫眼疮,关节痛
猫眼疮,手冷
猫眼疮,肢体痛
关节痛,手冷
口疮,猫眼疮
口疮,皮肤斑块
口疮,肢体痿弱
皮疹,肢体痿弱
咽痛,猫眼疮
咽痛,皮肤水疱
咽痛,肢体痿弱
猫眼疮,口渴
猫眼疮,皮肤斑块
猫眼疮,皮肤水疱
猫眼疮,恶寒
猫眼疮,发热
猫眼疮,肢体痿弱
口渴,肢体痿弱
皮肤斑块,肢体痿弱
皮肤水疱,肢体痿弱
恶寒,肢体痿弱
皮肤瘙痒,猫眼疮
口疮,发狂
口疮,足冷
口疮,口内红斑
口疮,手冷
情绪不稳,足冷
情绪不稳,口内红斑
情绪不稳,手冷
足冷,口内红斑
足冷,烦躁
足冷,尿黄
足冷,尿短
足冷,皮肤水疱
口内红斑,皮疹
口内红斑,烦躁
口内红斑,口渴
口内红斑,手冷
口内红斑,尿黄
口内红斑,乏力
口内红斑,尿短
口内红斑,皮肤水疱
烦躁,手冷
手冷,尿黄
手冷,尿短
手冷,皮肤水疱
不喜饮,胸胁不舒
皮疹,胸胁不舒
口渴,胸胁不舒
胸胁不舒,皮肤水疱
呼吸急促,皮肤水疱
湿疮,尿黄
湿疮,尿短
湿疮,便秘
湿疮,皮肤瘙痒
面黄,湿疮
皮疹,湿疮
湿疮,纳差
湿疮,尿清
湿疮,便溏
湿疮,皮肤水疱
尿清,皮肤瘙痒
尿清,皮肤水疱
足部水疱,不寐
足部水疱,湿疮
足部水疱,足部红
足部水疱,脂水淋漓
足部水疱,下肢红斑
足部水疱,下肢水疱
足部水疱,皮肤瘙痒
足部水疱,外阴红栗
不寐,湿疮
不寐,足部红
不寐,脂水淋漓
不寐,下肢红斑
不寐,下肢水疱
不寐,外阴红栗
湿疮,足部红
湿疮,脂水淋漓
湿疮,下肢红斑
湿疮,下肢水疱
湿疮,外阴红栗
足部红,脂水淋漓
足部红,下肢红斑
足部红,下肢水疱
足部红,皮肤瘙痒
足部红,外阴红栗
脂水淋漓,下肢红斑
脂水淋漓,下肢水疱
脂水淋漓,外阴红栗
下肢红斑,下肢水疱
下肢红斑,皮肤瘙痒
下肢红斑,外阴红栗
下肢水疱,皮肤瘙痒
下肢水疱,外阴红栗
皮肤瘙痒,外阴红栗
湿疮,皮损
情绪不稳,皮损
情绪不稳,血疱
咽干,血疱
皮损,血疱
皮损,烦躁
皮损,恶寒
皮损,尿黄
皮损,发热
皮损,便秘
皮损,口苦
皮疹,血疱
血疱,烦躁
血疱,口渴
血疱,恶寒
血疱,尿黄
血疱,发热
血疱,纳差
血疱,便秘
血疱,口苦
血疱,皮肤水疱
口苦,皮肤水疱
情绪不稳,躁扰
不喜饮,躁扰
谵语,躁扰
谵语,心悸
烦躁,躁扰
口渴,躁扰
躁扰,心悸
不喜饮,皮损
阴部水疱,尿黄
情绪不稳,阴部水疱
阴部水疱,烦躁
阴部水疱,口渴
阴部水疱,发热
阴部水疱,呼吸急促
阴部水疱,乏力
阴部水疱,面黄
阴部水疱,少言
咽干,阴部水疱
腰酸,阴部水疱
腰酸,皮肤水疱
不寐,阴部水疱
皮疹,阴部水疱
阴部水疱,视力受损
阴部水疱,头晕
阴部水疱,视物模糊
阴部水疱,皮肤水疱
便秘,阴疣
阴疣,阴部疣
阴疣,疣赘
阴部疣,疣赘
耳油,汗出
耳油,乳房臭味
耳油,腋臭
耳油,阴臭
耳油,肛门臭味
耳油,体臭
汗出,乳房臭味
汗出,腋臭
汗出,阴臭
汗出,肛门臭味
汗出,体臭
乳房臭味,腋臭
乳房臭味,阴臭
乳房臭味,肛门臭味
乳房臭味,体臭
腋臭,阴臭
腋臭,肛门臭味
腋臭,体臭
阴臭,肛门臭味
阴臭,体臭
肛门臭味,体臭
足臭,情绪不稳
足臭,腋臭
足臭,汗出
足臭,烦躁
足臭,乳房下臭味
足臭,发热
足臭,体臭
足臭,腹股沟臭味
情绪不稳,腋臭
情绪不稳,乳房下臭味
情绪不稳,体臭
情绪不稳,腹股沟臭味
腋臭,烦躁
腋臭,乳房下臭味
腋臭,发热
腋臭,腹股沟臭味
汗出,乳房下臭味
汗出,腹股沟臭味
烦躁,乳房下臭味
烦躁,体臭
烦躁,腹股沟臭味
乳房下臭味,发热
乳房下臭味,体臭
乳房下臭味,腹股沟臭味
发热,体臭
发热,腹股沟臭味
体臭,腹股沟臭味
情绪不稳,面垢
烦躁,面垢
关节痛,面垢
面垢,乏力
面垢,肢体痛
尿道溢脓,尿急
尿道溢脓,尿道口肿胀
尿道溢脓,尿频
尿道溢脓,发热
尿道溢脓,尿道口红
尿急,尿道口肿胀
尿急,尿道口红
尿道口肿胀,尿频
尿道口肿胀,发热
尿道口肿胀,尿道口红
情绪不稳,尿道溢脓
腹痛,尿道溢脓
尿道溢脓,尿痛
尿道溢脓,胁胀
尿道溢脓,抑郁
尿道溢脓,烦躁
尿道溢脓,月经不调
尿道溢脓,尿不利
尿痛,胁胀
尿痛,抑郁
尿痛,月经不调
月经不调,尿不利
腰酸,尿道溢脓
腰酸,尿不尽
尿道溢脓,肢冷
尿道溢脓,恶寒
尿道溢脓,乏力
尿道溢脓,尿不尽
肢冷,尿不尽
恶寒,尿不利
尿不利,尿不尽
尿道溢脓,尿黄
尿道溢脓,面赤
面赤,尿不尽
口疮,乳不能进
口疮,耳聋
口疮,角膜混浊
口疮,门齿稀疏
口疮,消瘦
口疮,流泪
口疮,失明
口疮,畏光
口疮,皮肤皱纹
口疮,二便不通
口疮,杨梅疮
乳不能进,耳聋
乳不能进,皮疹
乳不能进,角膜混浊
乳不能进,门齿稀疏
乳不能进,消瘦
乳不能进,流泪
乳不能进,失明
乳不能进,皮肤斑块
乳不能进,畏光
乳不能进,皮肤皱纹
乳不能进,二便不通
乳不能进,杨梅疮
乳不能进,皮肤水疱
耳聋,皮疹
耳聋,角膜混浊
耳聋,门齿稀疏
耳聋,消瘦
耳聋,流泪
耳聋,失明
耳聋,皮肤斑块
耳聋,畏光
耳聋,皮肤皱纹
耳聋,二便不通
耳聋,杨梅疮
耳聋,皮肤水疱
皮疹,角膜混浊
皮疹,门齿稀疏
皮疹,流泪
皮疹,失明
皮疹,二便不通
皮疹,杨梅疮
角膜混浊,门齿稀疏
角膜混浊,消瘦
角膜混浊,流泪
角膜混浊,失明
角膜混浊,皮肤斑块
角膜混浊,畏光
角膜混浊,皮肤皱纹
角膜混浊,二便不通
角膜混浊,杨梅疮
角膜混浊,皮肤水疱
门齿稀疏,消瘦
门齿稀疏,流泪
门齿稀疏,失明
门齿稀疏,皮肤斑块
门齿稀疏,畏光
门齿稀疏,皮肤皱纹
门齿稀疏,二便不通
门齿稀疏,杨梅疮
门齿稀疏,皮肤水疱
消瘦,流泪
消瘦,失明
消瘦,畏光
消瘦,皮肤皱纹
消瘦,二便不通
消瘦,杨梅疮
消瘦,皮肤水疱
流泪,失明
流泪,皮肤斑块
流泪,畏光
流泪,皮肤皱纹
流泪,二便不通
流泪,杨梅疮
流泪,皮肤水疱
失明,皮肤斑块
失明,畏光
失明,皮肤皱纹
失明,二便不通
失明,杨梅疮
失明,皮肤水疱
皮肤斑块,畏光
皮肤斑块,皮肤皱纹
皮肤斑块,二便不通
皮肤斑块,杨梅疮
畏光,皮肤皱纹
畏光,二便不通
畏光,杨梅疮
畏光,皮肤水疱
皮肤皱纹,二便不通
皮肤皱纹,杨梅疮
皮肤皱纹,皮肤水疱
二便不通,杨梅疮
二便不通,皮肤水疱
杨梅疮,皮肤水疱
口粘,硬块
口粘,杨梅疮
皮疹,硬块
尿黄,硬块
尿黄,杨梅疮
硬块,杨梅疮
情绪不稳,杨梅疮
咽痛,杨梅疮
烦躁,杨梅疮
关节痛,杨梅疮
口渴,杨梅疮
头痛,杨梅疮
发热,杨梅疮
肢体痛,杨梅疮
目眩,全身不适
目眩,活动不利
目眩,杨梅疮
全身不适,肢体麻木
全身不适,活动不利
全身不适,头晕
全身不适,胸闷
全身不适,感觉异常
全身不适,心悸
全身不适,杨梅疮
肢体麻木,活动不利
肢体麻木,杨梅疮
活动不利,头痛
活动不利,胸闷
活动不利,杨梅疮
头晕,杨梅疮
胸闷,杨梅疮
感觉异常,杨梅疮
心悸,杨梅疮
耳鸣,流鼻涕
耳鸣,无汗
耳鸣,听力减退
耳鸣,耳闷
耳鸣,鼻塞
流鼻涕,听力减退
流鼻涕,耳闷
无汗,听力减退
无汗,耳闷
恶寒,听力减退
恶寒,耳闷
听力减退,耳闷
听力减退,发热
听力减退,鼻塞
耳闷,发热
耳闷,鼻塞
咽干,耳胀
咽干,流鼻涕
咽干,耳痛
咽干,听力减退
咽干,耳闷
咽干,鼻塞
汗出,耳胀
汗出,耳痛
汗出,听力减退
汗出,耳闷
耳鸣,耳胀
耳鸣,耳痛
咽痛,耳胀
咽痛,耳痛
咽痛,听力减退
咽痛,耳闷
咳嗽,耳胀
咳嗽,耳痛
咳嗽,听力减退
咳嗽,耳闷
耳胀,流鼻涕
耳胀,咳痰
耳胀,恶寒
耳胀,耳痛
耳胀,听力减退
耳胀,耳闷
耳胀,发热
耳胀,鼻塞
流鼻涕,耳痛
咳痰,耳痛
咳痰,听力减退
咳痰,耳闷
恶寒,耳痛
耳痛,听力减退
耳痛,耳闷
耳痛,发热
耳痛,鼻塞
阳痿,胎动不安
阳痿,耳聋
阳痿,白带清稀
阳痿,肢冷
阳痿,滑精
阳痿,乏力
阳痿,腰冷
阳痿,膝冷
阳痿,尿清
阳痿,面黑
阳痿,面白
腰酸,滑精
腰酸,腰冷
腰酸,膝冷
胎动不安,耳聋
胎动不安,早泄
胎动不安,白带清稀
胎动不安,滑精
胎动不安,腰冷
胎动不安,膝冷
胎动不安,尿清
耳聋,早泄
耳聋,白带清稀
耳聋,肢冷
耳聋,恶寒
耳聋,滑精
耳聋,乏力
耳聋,尿频
耳聋,腰冷
耳聋,膝冷
耳聋,尿清
耳聋,面黑
耳聋,面白
早泄,白带清稀
早泄,肢冷
早泄,恶寒
早泄,滑精
早泄,乏力
早泄,尿频
早泄,腰冷
早泄,膝冷
早泄,尿清
早泄,面黑
早泄,面白
白带清稀,恶寒
白带清稀,滑精
白带清稀,尿频
白带清稀,腰冷
白带清稀,膝冷
白带清稀,面黑
肢冷,滑精
肢冷,膝冷
肢冷,面黑
恶寒,滑精
恶寒,腰冷
恶寒,膝冷
恶寒,面黑
滑精,乏力
滑精,尿频
滑精,腰冷
滑精,膝冷
滑精,尿清
滑精,面黑
滑精,面白
乏力,膝冷
乏力,面黑
尿频,腰冷
尿频,膝冷
腰冷,膝冷
腰冷,面黑
腰冷,面白
膝冷,尿清
膝冷,面黑
膝冷,面白
面黑,面白
呕血,咽痛
呕血,腹胀
谵语,咽痛
谵语,牙痛
谵语,腹胀
咽痛,牙痛
咽痛,发斑
咽痛,腹胀
牙痛,发斑
牙痛,腹胀
胸胁胀,耳鸣
胸胁胀,耳痛
胸胁胀,听力减退
胸胁胀,耳闷
头晕,耳痛
头晕,听力减退
头晕,耳闷
耳痛,头痛
耳痛,口苦
头痛,听力减退
头痛,耳闷
听力减退,口苦
耳闷,口苦
流鼻涕,纳差
流鼻涕,腹胀
乏力,听力减退
乏力,耳闷
听力减退,纳差
听力减退,腹胀
听力减退,便溏
耳闷,纳差
耳闷,腹胀
耳闷,便溏
纳差,鼻塞
鼻塞,腹胀
鼻塞,便溏
咽干,健忘
手足发热,健忘
手足发热,耳闷
腰酸,耳闷
耳聋,健忘
耳聋,耳闷
耳鸣,健忘
视力受损,耳闷
健忘,耳闷
耳闷,视物模糊
耳鸣,尿清
耳鸣,面白
肢冷,耳闷
耳闷,尿清
耳闷,面白
耳鸣,耳异物感
听力减退,耳异物感
耳异物感,耳闷
情绪不稳,耳痒
情绪不稳,耳赤
情绪不稳,耳热
皮肤出血,耳痒
皮肤出血,耳赤
皮肤出血,发热
皮肤出血,肢体痛
皮肤出血,耳热
耳痒,烦躁
耳痒,耳赤
耳痒,发热
耳痒,肢体痛
耳痒,耳热
耳痒,皮肤瘙痒
烦躁,耳赤
烦躁,耳热
耳赤,发热
耳赤,肢体痛
耳赤,耳热
耳赤,皮肤瘙痒
发热,耳热
肢体痛,耳热
耳热,皮肤瘙痒
耳痒,消瘦
耳痒,乏力
耳痒,皮肤脱屑
耳痒,耳廓变厚
耳痒,纳差
耳痒,耳内结痂
消瘦,皮肤脱屑
消瘦,耳廓变厚
消瘦,耳内结痂
乏力,皮肤脱屑
乏力,耳廓变厚
乏力,耳内结痂
皮肤脱屑,耳廓变厚
皮肤脱屑,耳内结痂
耳廓变厚,纳差
耳廓变厚,皮肤瘙痒
耳廓变厚,耳内结痂
纳差,耳内结痂
皮肤瘙痒,耳内结痂
耳痒,面黄
耳痒,便溏
耳痒,流黄水
耳痒,耳鸣
耳痒,头晕
耳痒,耳痛
耳痒,腰痛
耳痒,耳中结疝
流黄水,耳鸣
流黄水,头晕
流黄水,耳痛
流黄水,乏力
流黄水,肢体痛
流黄水,腰痛
流黄水,耳中结疝
耳鸣,耳中结疝
头晕,耳中结疝
耳痛,乏力
耳痛,肢体痛
耳痛,腰痛
耳痛,耳中结疝
乏力,耳中结疝
肢体痛,耳中结疝
腰痛,耳中结疝
皮疹,皮肤红肿
皮疹,怕风
皮疹,鼓膜红
皮疹,中耳病变
皮疹,耳痛
皮疹,听力减退
皮疹,耳廓变厚
皮疹,耳肿
皮肤红肿,怕风
皮肤红肿,流鼻涕
皮肤红肿,鼓膜红
皮肤红肿,中耳病变
皮肤红肿,头痛
皮肤红肿,耳痛
皮肤红肿,听力减退
皮肤红肿,皮肤水疱
皮肤红肿,耳廓变厚
皮肤红肿,鼻塞
皮肤红肿,耳肿
怕风,流鼻涕
怕风,鼓膜红
怕风,中耳病变
怕风,头痛
怕风,耳痛
怕风,乏力
怕风,听力减退
怕风,皮肤水疱
怕风,发热
怕风,耳廓变厚
怕风,鼻塞
怕风,耳肿
流鼻涕,鼓膜红
流鼻涕,中耳病变
流鼻涕,耳廓变厚
流鼻涕,耳肿
鼓膜红,中耳病变
鼓膜红,头痛
鼓膜红,耳痛
鼓膜红,乏力
鼓膜红,听力减退
鼓膜红,皮肤水疱
鼓膜红,发热
鼓膜红,耳廓变厚
鼓膜红,鼻塞
鼓膜红,耳肿
中耳病变,头痛
中耳病变,耳痛
中耳病变,乏力
中耳病变,听力减退
中耳病变,皮肤水疱
中耳病变,发热
中耳病变,耳廓变厚
中耳病变,鼻塞
中耳病变,耳肿
头痛,耳廓变厚
耳痛,皮肤水疱
耳痛,耳廓变厚
耳痛,耳肿
乏力,耳肿
听力减退,皮肤水疱
听力减退,耳廓变厚
听力减退,耳肿
皮肤水疱,耳廓变厚
皮肤水疱,耳肿
发热,耳廓变厚
耳廓变厚,鼻塞
耳廓变厚,耳肿
鼻塞,耳肿
不寐,躁扰
易惊,恶寒
易惊,躁扰
恶寒,躁扰
咽干,皮肤不平
咽干,鼓膜红
皮肤不平,皮肤红肿
皮肤不平,鼓膜红
皮肤不平,耳痛
皮肤不平,尿黄
皮肤不平,听力减退
皮肤不平,便秘
皮肤不平,口苦
皮肤红肿,尿黄
皮肤红肿,便秘
皮肤红肿,口苦
鼓膜红,尿黄
鼓膜红,便秘
鼓膜红,口苦
耳痛,尿黄
耳痛,便秘
尿黄,听力减退
听力减退,便秘
情绪不稳,耳中流血
情绪不稳,耳痛
耳中流血,目赤
耳中流血,胁胀
耳中流血,烦躁
耳中流血,头痛
耳中流血,耳痛
耳中流血,尿黄
耳中流血,口苦
目赤,胁胀
目赤,耳痛
胁胀,头痛
胁胀,耳痛
胁胀,尿黄
烦躁,耳痛
耳中流血,腰酸
耳中流血,耳鸣
耳中流血,视力受损
耳中流血,头晕
耳中流血,乏力
耳中流血,心悸
耳中流血,视物模糊
咽干,耳内流脓
咽干,流脓
咽干,耳膜破溃
耳聋,咽痛
耳聋,流鼻涕
耳聋,耳内流脓
耳聋,流脓
耳聋,头痛
耳聋,耳痛
耳聋,鼻塞
耳聋,耳膜破溃
咽痛,耳内流脓
咽痛,流脓
咽痛,耳膜破溃
流鼻涕,耳内流脓
流鼻涕,流脓
流鼻涕,耳膜破溃
耳内流脓,口渴
耳内流脓,流脓
耳内流脓,头痛
耳内流脓,耳痛
耳内流脓,恶寒
耳内流脓,耳闷
耳内流脓,发热
耳内流脓,鼻塞
耳内流脓,耳膜破溃
口渴,流脓
口渴,耳痛
口渴,耳闷
口渴,耳膜破溃
流脓,头痛
流脓,耳痛
流脓,恶寒
流脓,耳闷
流脓,鼻塞
流脓,耳膜破溃
头痛,耳膜破溃
耳痛,耳膜破溃
恶寒,耳膜破溃
耳闷,耳膜破溃
发热,耳膜破溃
鼻塞,耳膜破溃
耳内流脓,尿黄
耳内流脓,便秘
耳内流脓,口苦
头昏沉,耳内流脓
头昏沉,流脓
头昏沉,听力减退
耳内流脓,头晕
耳内流脓,乏力
耳内流脓,听力减退
耳内流脓,纳差
耳内流脓,便溏
流脓,头晕
流脓,乏力
流脓,听力减退
流脓,纳差
流脓,便溏
耳聋,不寐
耳聋,遗精
耳聋,肢体痛
耳聋,腰痛
耳聋,膝软
不寐,耳内流脓
不寐,滑精
不寐,膝软
耳鸣,耳内流脓
耳鸣,滑精
视力受损,耳内流脓
视力受损,滑精
视力受损,膝软
耳内流脓,滑精
耳内流脓,遗精
耳内流脓,肢体痛
耳内流脓,视物模糊
耳内流脓,腰痛
耳内流脓,膝软
头晕,滑精
滑精,遗精
滑精,肢体痛
滑精,视物模糊
滑精,腰痛
滑精,膝软
遗精,膝软
视物模糊,膝软
流鼻涕,鼻音重
喷嚏,鼻音重
喷嚏,无汗
鼻音重,头痛
鼻音重,无汗
鼻音重,恶寒
鼻音重,发热
鼻音重,鼻塞
汗出,鼻痒
汗出,喷嚏
咽痛,鼻痒
咳嗽,鼻痒
鼻痒,流鼻涕
鼻痒,喷嚏
鼻痒,口渴
鼻痒,恶寒
鼻痒,发热
鼻痒,鼻塞
喷嚏,口渴
少气,健忘
怕风,鼻痒
怕风,喷嚏
怕风,呼吸急促
怕风,少言
怕风,嗅觉减退
鼻痒,呼吸急促
鼻痒,少言
鼻痒,嗅觉减退
流鼻涕,呼吸急促
流鼻涕,少言
流鼻涕,嗅觉减退
喷嚏,呼吸急促
喷嚏,少言
喷嚏,嗅觉减退
呼吸急促,鼻塞
呼吸急促,嗅觉减退
鼻塞,少言
鼻塞,嗅觉减退
少言,嗅觉减退
头昏沉,喷嚏
头昏沉,嗅觉减退
头昏沉,面白
流鼻涕,头晕
喷嚏,头晕
喷嚏,纳差
喷嚏,便溏
喷嚏,面白
头晕,鼻塞
头晕,嗅觉减退
乏力,嗅觉减退
纳差,嗅觉减退
便溏,嗅觉减退
嗅觉减退,面白
足冷,流鼻涕
足冷,喷嚏
足冷,鼻塞
腰酸,流鼻涕
腰酸,喷嚏
腰酸,鼻塞
流鼻涕,手冷
喷嚏,手冷
手冷,鼻塞
咽干,鼻痒
咽干,喷嚏
耳鸣,鼻痒
耳鸣,喷嚏
鼻痒,头晕
汗出,鼻痛
汗出,鼻肿
咳嗽,鼻痛
咳嗽,鼻肿
流鼻涕,鼻痛
流鼻涕,鼻肿
鼻痛,头痛
鼻痛,恶寒
鼻痛,发热
鼻痛,鼻塞
头痛,鼻肿
鼻肿,恶寒
鼻肿,发热
鼻肿,鼻塞
头昏沉,气味酸臭
头昏沉,口苦
不喜饮,气味酸臭
不喜饮,嗅觉减退
口粘,气味酸臭
口粘,流鼻涕
口粘,头痛
口粘,鼻塞
口粘,嗅觉减退
脘痞,气味酸臭
脘痞,流鼻涕
脘痞,鼻塞
脘痞,嗅觉减退
气味酸臭,流鼻涕
气味酸臭,头痛
气味酸臭,尿黄
气味酸臭,鼻塞
气味酸臭,口苦
气味酸臭,嗅觉减退
流鼻涕,口苦
头痛,嗅觉减退
尿黄,嗅觉减退
鼻塞,口苦
口苦,嗅觉减退
咽干,脘痞
咽干,鼻痛
咽干,脓血涕
脘痞,喜冷
脘痞,鼻干
脘痞,鼻痛
脘痞,脓血涕
便秘,鼻塞
便秘,流鼻涕
便秘,脓血涕
鼻塞,喜冷
鼻塞,鼻干
鼻塞,脓血涕
鼻塞,胸闷
喜冷,流鼻涕
喜冷,鼻干
喜冷,鼻痛
喜冷,脓血涕
流鼻涕,鼻干
流鼻涕,脓血涕
流鼻涕,胸闷
口渴,脓血涕
鼻干,鼻痛
鼻干,头痛
鼻干,尿黄
鼻干,脓血涕
鼻干,胸闷
鼻干,口苦
鼻痛,脓血涕
鼻痛,胸闷
鼻痛,口苦
头痛,脓血涕
尿黄,脓血涕
脓血涕,胸闷
脓血涕,口苦
腰酸,嗅觉减退
流鼻涕,肢冷
肢冷,鼻塞
肢冷,嗅觉减退
恶寒,嗅觉减退
鼻痒,头痛
咳痰,鼻痒
鼻痒,鼻干
皮肤红肿,鼻痒
皮肤红肿,鼻痛
鼻痒,鼻痛
鼻痒,便秘
流黄水,鼻痒
流黄水,鼻痛
流黄水,尿清
流黄水,腹胀
鼻痒,尿清
鼻痒,腹胀
鼻痛,尿清
鼻痛,腹胀
汗出,鼻根酸胀
汗出,鼻酸
咽痛,鼻根酸胀
咽痛,鼻痛
咽痛,鼻酸
流鼻涕,鼻根酸胀
流鼻涕,鼻酸
鼻根酸胀,鼻痛
鼻根酸胀,恶寒
鼻根酸胀,发热
鼻根酸胀,鼻酸
鼻痛,鼻酸
恶寒,鼻酸
发热,鼻酸
头昏沉,鼻痛
头昏沉,鼻酸
咳嗽,鼻酸
咳嗽,嗅觉减退
咳痰,鼻痛
咳痰,鼻酸
咳痰,嗅觉减退
鼻痛,嗅觉减退
头痛,鼻酸
鼻塞,鼻酸
鼻酸,嗅觉减退
呼吸困难,流鼻涕
呼吸困难,鼻酸
流鼻涕,气喘
呼吸急促,鼻酸
乏力,气喘
乏力,鼻酸
气喘,鼻酸
咳嗽,气息不利
咳嗽,鼻根酸胀
咳嗽,腹胀
气息不利,流鼻涕
气息不利,呼吸急促
气息不利,鼻根酸胀
气息不利,头晕
气息不利,头痛
气息不利,乏力
气息不利,腹胀
气息不利,便溏
气息不利,鼻酸
呼吸急促,鼻根酸胀
鼻根酸胀,头晕
鼻根酸胀,头痛
鼻根酸胀,乏力
鼻根酸胀,腹胀
鼻根酸胀,便溏
头晕,鼻酸
头痛,腹胀
腹胀,鼻酸
便溏,鼻酸
咽干,鼻糜烂
咽干,鼻肿
全身不适,咳嗽
全身不适,鼻痒
全身不适,咳痰
全身不适,鼻糜烂
全身不适,鼻干
全身不适,鼻衄
全身不适,鼻肿
咳嗽,鼻糜烂
鼻痒,鼻糜烂
鼻痒,鼻衄
鼻痒,鼻肿
鼻痒,尿黄
咳痰,鼻糜烂
咳痰,鼻肿
鼻糜烂,口渴
鼻糜烂,鼻干
鼻糜烂,鼻衄
鼻糜烂,头痛
鼻糜烂,鼻肿
鼻糜烂,尿黄
鼻糜烂,发热
鼻糜烂,便秘
鼻干,鼻衄
鼻干,鼻肿
鼻衄,鼻肿
鼻衄,尿黄
恶梦,惊醒
恶梦,不寐
恶梦,易惊
恶梦,心悸
惊醒,不寐
惊醒,易惊
惊醒,心悸
咽干,周身酸楚
咽干,鼻内痂
咽干,无痰
咽干,嗅觉减退
胸痛,周身酸楚
胸痛,唇干
胸痛,鼻内痂
胸痛,鼻干
胸痛,无痰
胸痛,嗅觉减退
周身酸楚,唇干
周身酸楚,咳嗽
周身酸楚,咳痰
周身酸楚,鼻内痂
周身酸楚,鼻干
周身酸楚,口渴
周身酸楚,头痛
周身酸楚,无痰
周身酸楚,发热
周身酸楚,嗅觉减退
唇干,咳嗽
唇干,咳痰
唇干,鼻内痂
唇干,鼻干
唇干,无痰
唇干,嗅觉减退
咳嗽,鼻内痂
咳嗽,无痰
咳痰,鼻内痂
咳痰,无痰
鼻内痂,鼻干
鼻内痂,口渴
鼻内痂,头痛
鼻内痂,无痰
鼻内痂,发热
鼻内痂,嗅觉减退
鼻干,无痰
鼻干,嗅觉减退
口渴,无痰
口渴,嗅觉减退
头痛,无痰
无痰,发热
无痰,嗅觉减退
发热,嗅觉减退
咽干,口酸
咽干,鼻热
易饥,口酸
易饥,胃脘嘈杂
易饥,鼻干
易饥,鼻衄
易饥,尿短
易饥,肢体痛
易饥,鼻热
喜冷,口酸
喜冷,胃脘嘈杂
喜冷,鼻衄
喜冷,肢体痛
喜冷,鼻热
口渴,口酸
口酸,胃脘嘈杂
口酸,鼻干
口酸,鼻衄
口酸,尿黄
口酸,尿短
口酸,肢体痛
口酸,鼻热
胃脘嘈杂,鼻干
胃脘嘈杂,鼻衄
胃脘嘈杂,肢体痛
胃脘嘈杂,鼻热
胃脘嘈杂,口臭
鼻干,尿短
鼻干,肢体痛
鼻干,鼻热
鼻干,口臭
鼻衄,尿短
鼻衄,肢体痛
鼻衄,鼻热
鼻衄,口臭
尿短,鼻热
肢体痛,口臭
鼻热,口臭
胸痛,汗出
胸痛,流鼻涕
胸痛,声哑
胸痛,盗汗
胸痛,咽痒
汗出,咽痒
流鼻涕,盗汗
鼻干,咽痒
盗汗,咽痒
汗出,鼻内痂
自汗,鼻痒
自汗,鼻内痂
自汗,鼻干
鼻痒,鼻内痂
鼻痒,气喘
鼻痒,纳差
鼻痒,便溏
鼻痒,面白
鼻内痂,呼吸急促
鼻内痂,气喘
鼻内痂,纳差
鼻内痂,腹胀
鼻内痂,便溏
鼻内痂,面白
呼吸急促,鼻干
鼻干,气喘
鼻干,纳差
鼻干,腹胀
鼻干,便溏
鼻干,面白
气喘,纳差
气喘,腹胀
气喘,便溏
气喘,面白
鼻痛,纳差
鼻痛,便溏
皮疹,鼻肿
头痛,皮肤麻木
鼻肿,皮肤麻木
鼻肿,感觉异常
鼻肿,皮肤水疱
恶寒,皮肤麻木
发热,皮肤麻木
皮肤麻木,皮肤水疱
感觉异常,皮肤水疱
情绪不稳,角弓反张
情绪不稳,鼻肿
情绪不稳,眼睑肿胀
恶心,角弓反张
恶心,鼻肿
谵语,角弓反张
谵语,疮疡
谵语,鼻肿
谵语,腮肿
昏迷,疮疡
昏迷,鼻肿
昏迷,眼睑肿胀
昏迷,腮肿
昏迷,口唇肿
烦躁,角弓反张
烦躁,鼻肿
烦躁,眼睑肿胀
角弓反张,口渴
角弓反张,疮疡
角弓反张,鼻肿
角弓反张,呕吐
角弓反张,便秘
角弓反张,眼睑肿胀
角弓反张,腮肿
角弓反张,口唇肿
疮疡,鼻肿
疮疡,呕吐
疮疡,抽搐
疮疡,意识障碍
疮疡,眼睑肿胀
疮疡,腮肿
疮疡,口唇肿
鼻肿,呕吐
鼻肿,抽搐
鼻肿,意识障碍
鼻肿,眼睑肿胀
鼻肿,腮肿
鼻肿,口唇肿
抽搐,眼睑肿胀
抽搐,腮肿
抽搐,口唇肿
意识障碍,腮肿
便秘,眼睑肿胀
便秘,口唇肿
眼睑肿胀,腮肿
腮肿,口唇肿
出血,头痛
出血,鼻肿
情绪不稳,鼻糜烂
情绪不稳,鼻塞
情绪不稳,唇疮
烦躁,鼻糜烂
烦躁,鼻塞
烦躁,唇疮
鼻糜烂,面赤
鼻糜烂,纳差
鼻糜烂,鼻塞
鼻糜烂,腹胀
鼻糜烂,便溏
鼻糜烂,啼哭
鼻糜烂,口唇肿
鼻糜烂,唇疮
鼻肿,面赤
鼻肿,纳差
鼻肿,腹胀
鼻肿,便溏
鼻肿,啼哭
鼻肿,唇疮
面赤,鼻塞
纳差,口唇肿
纳差,唇疮
鼻塞,啼哭
鼻塞,口唇肿
鼻塞,唇疮
腹胀,口唇肿
腹胀,唇疮
便溏,口唇肿
便溏,唇疮
啼哭,唇疮
咽干,鼻臭
目赤,鼻塞
目赤,鼻痛
目赤,鼻臭
目赤,嗅觉减退
鼻塞,鼻臭
流鼻涕,鼻臭
口渴,鼻臭
鼻痛,头晕
鼻痛,面赤
鼻痛,鼻臭
头晕,鼻臭
头痛,鼻臭
面赤,鼻臭
面赤,嗅觉减退
尿黄,鼻臭
便秘,鼻臭
便秘,嗅觉减退
鼻臭,嗅觉减退
失嗅,不喜饮
失嗅,脘痞
失嗅,口渴
失嗅,鼻内痂
失嗅,头痛
失嗅,乏力
失嗅,嗜睡
失嗅,腹胀
失嗅,鼻臭
失嗅,意识障碍
失嗅,嗅觉减退
失嗅,恶臭
不喜饮,鼻内痂
不喜饮,鼻臭
不喜饮,恶臭
脘痞,鼻内痂
脘痞,鼻臭
脘痞,恶臭
口渴,恶臭
鼻内痂,乏力
鼻内痂,嗜睡
鼻内痂,鼻臭
鼻内痂,意识障碍
鼻内痂,恶臭
头痛,恶臭
乏力,鼻臭
乏力,恶臭
嗜睡,鼻臭
嗜睡,嗅觉减退
嗜睡,恶臭
腹胀,鼻臭
腹胀,嗅觉减退
腹胀,恶臭
鼻臭,意识障碍
鼻臭,恶臭
意识障碍,嗅觉减退
意识障碍,恶臭
嗅觉减退,恶臭
声音不扬,声重
声音不扬,喷嚏
声音不扬,头痛
声音不扬,咽红
咳痰,喷嚏
咳痰,咽红
声重,流鼻涕
声重,喷嚏
声重,头痛
声重,恶寒
声重,发热
声重,咽红
声重,鼻塞
声重,咽痒
喷嚏,咽红
喷嚏,咽痒
咽红,鼻塞
咽红,咽痒
鼻干,恶寒
咽痒,咳血
咽干,言语不利
咽干,少言
言语不利,咳嗽
言语不利,咳痰
言语不利,口渴
言语不利,呼吸急促
言语不利,咽痒
言语不利,少言
咳嗽,少言
咳痰,少言
咽痒,少言
欲饮,头痛
欲饮,鼻塞
咽干,咽红
胸痛,咽红
周身酸楚,咽红
鼻干,咽红
无痰,咽红
咽干,烦渴
腹痛,烦渴
腹痛,欲饮
腹痛,咽红
烦渴,欲饮
烦渴,口酸
烦渴,胃脘嘈杂
烦渴,口臭
欲饮,口酸
欲饮,胃脘嘈杂
欲饮,咽红
口渴,咽红
口酸,咽红
胃脘嘈杂,咽红
尿黄,咽红
咽红,便秘
咽红,口臭
不寐,喜哭
呼吸急促,喜哭
乏力,喜哭
喜哭,喜悲
喜哭,胸闷
喜哭,心悸
喜哭,精神恍惚
情绪不稳,喜呕
咽干,喜呕
不喜饮,咽红
不喜饮,喜呕
不喜饮,胸胁满
烦躁,喜呕
视力受损,咽红
视力受损,喜呕
口苦,咽红
口苦,喜呕
发热,喜呕
发热,胸胁满
咽红,喜呕
咽红,视物模糊
咽红,胸胁满
喜呕,视物模糊
喜呕,胸胁满
咽干,少涕
少涕,咳嗽
少涕,咳痰
少涕,鼻干
少涕,无痰
少涕,咽红
少涕,声哑
少涕,咽痒
无痰,声哑
无痰,咽痒
咽红,声哑
颌下痛,吞咽不利
颌下痛,咳嗽
颌下痛,颌下结节
颌下痛,咳痰
颌下痛,欲饮
颌下痛,口渴
颌下痛,发热
颌下痛,咽肿
颌下痛,口臭
吞咽不利,颌下结节
咳嗽,颌下结节
咳嗽,口臭
颌下结节,咳痰
颌下结节,欲饮
颌下结节,口渴
颌下结节,发热
颌下结节,咽肿
颌下结节,口臭
咳痰,口臭
吞咽不利,呼吸困难
吞咽不利,口噤
吞咽不利,肿块
吞咽不利,肢体痛
吞咽不利,脓
呼吸困难,颌下痛
呼吸困难,言语不利
呼吸困难,颌下结节
呼吸困难,肿块
呼吸困难,脓
喉中有痰,颌下痛
喉中有痰,口噤
喉中有痰,颌下结节
喉中有痰,口渴
喉中有痰,头痛
喉中有痰,肿块
喉中有痰,肢体痛
喉中有痰,脓
喉中有痰,咽肿
颌下痛,言语不利
颌下痛,口噤
颌下痛,头痛
颌下痛,肿块
颌下痛,肢体痛
颌下痛,脓
言语不利,口噤
言语不利,颌下结节
言语不利,头痛
言语不利,肿块
言语不利,发热
言语不利,肢体痛
言语不利,脓
言语不利,咽肿
口噤,颌下结节
口噤,肿块
口噤,脓
口噤,咽肿
颌下结节,头痛
颌下结节,肿块
颌下结节,肢体痛
颌下结节,脓
口渴,肿块
口渴,脓
头痛,肿块
头痛,脓
肿块,发热
肿块,肢体痛
肿块,脓
肿块,咽肿
发热,脓
肢体痛,脓
肢体痛,咽肿
脓,咽肿
吞咽不利,呼吸急促
吞咽不利,面赤
吞咽不利,少言
呼吸急促,咽肿
面赤,咽肿
少言,咽肿
粘膜肿,粘膜红
粘膜肿,咽痛
粘膜肿,咳嗽
粘膜肿,咳痰
粘膜肿,喷嚏
粘膜肿,流鼻涕
粘膜肿,无汗
粘膜肿,头痛
粘膜肿,发热
粘膜肿,肢体痛
粘膜肿,鼻塞
粘膜红,咽痛
粘膜红,咳嗽
粘膜红,咳痰
粘膜红,喷嚏
粘膜红,流鼻涕
粘膜红,无汗
粘膜红,头痛
粘膜红,发热
粘膜红,肢体痛
粘膜红,鼻塞
喷嚏,肢体痛
胸膈不利,咽痛
胸膈不利,咳嗽
胸膈不利,呕吐
胸膈不利,发热
汗出,坐卧不安
汗出,幻觉
口渴,幻觉
坐卧不安,意识障碍
坐卧不安,盗汗
尿黄,幻觉
意识障碍,盗汗
意识障碍,幻觉
便秘,幻觉
盗汗,幻觉
心悸,幻觉
吞咽不利,不能饮
吞咽不利,会厌浮肿
呼吸困难,不能饮
呼吸困难,会厌浮肿
呼吸困难,咽痛
呼吸困难,咽红
不能饮,会厌浮肿
不能饮,咽痛
不能饮,咽红
会厌浮肿,咽痛
会厌浮肿,咽红
粘膜红,手足发热
粘膜红,汗出
粘膜红,咽中有痰
粘膜红,欲饮
粘膜红,口渴
粘膜红,尿黄
粘膜红,便秘
粘膜红,盗汗
手足发热,咽中有痰
手足发热,欲饮
汗出,咽中有痰
咽痛,咽中有痰
咽痛,盗汗
咳嗽,咽中有痰
咳痰,咽中有痰
咽中有痰,欲饮
咽中有痰,口渴
咽中有痰,尿黄
咽中有痰,发热
咽中有痰,便秘
咽中有痰,盗汗
咽痛,呼吸急促
咽痛,咽喉白腐
咽痛,白喉
咽喉白腐,恶寒
咽喉白腐,头痛
咽喉白腐,肢体痛
咽喉白腐,白喉
恶寒,白喉
头痛,白喉
发热,白喉
肢体痛,白喉
白喉,咽肿
情绪不稳,大便色黄
情绪不稳,白喉
腹泻,大便色黄
腹泻,目赤
腹泻,咽喉白腐
腹泻,尿少
腹泻,欲饮
腹泻,唇燥
腹泻,面赤
腹泻,白喉
腹泻,咽肿
汗出,大便色黄
汗出,目赤
汗出,白喉
大便色黄,目赤
大便色黄,咽喉白腐
大便色黄,尿少
大便色黄,烦躁
大便色黄,口渴
大便色黄,欲饮
大便色黄,唇燥
大便色黄,发热
大便色黄,白喉
大便色黄,咽肿
目赤,咽喉白腐
目赤,欲饮
目赤,唇燥
目赤,白喉
目赤,咽肿
咽喉白腐,尿少
咽喉白腐,欲饮
咽喉白腐,唇燥
咽喉白腐,面赤
咽喉白腐,便秘
尿少,欲饮
尿少,唇燥
尿少,白喉
尿少,咽肿
烦躁,白喉
口渴,白喉
欲饮,白喉
唇燥,白喉
唇燥,咽肿
面赤,白喉
便秘,白喉
情绪不稳,声似犬吠
情绪不稳,张口抬肩
情绪不稳,口唇发绀
情绪不稳,气喘
呼吸困难,咽喉白腐
呼吸困难,声似犬吠
呼吸困难,张口抬肩
呼吸困难,声哑
喉中有痰,汗出
喉中有痰,咽喉白腐
喉中有痰,声似犬吠
喉中有痰,张口抬肩
喉中有痰,气喘
喉中有痰,面白
汗出,声似犬吠
汗出,张口抬肩
汗出,口唇发绀
咳嗽,咽喉白腐
咳嗽,声似犬吠
咳嗽,张口抬肩
咽喉白腐,声似犬吠
咽喉白腐,张口抬肩
咽喉白腐,口唇发绀
咽喉白腐,气喘
咽喉白腐,声哑
咽喉白腐,面白
声似犬吠,烦躁
声似犬吠,张口抬肩
声似犬吠,口唇发绀
声似犬吠,气喘
声似犬吠,声哑
声似犬吠,面白
烦躁,张口抬肩
烦躁,口唇发绀
烦躁,气喘
张口抬肩,口唇发绀
张口抬肩,气喘
张口抬肩,声哑
张口抬肩,面白
口唇发绀,气喘
口唇发绀,声哑
声哑,面白
足冷,咽喉白腐
足冷,角弓反张
足冷,口唇发绀
足冷,气喘
足冷,目瞪
汗出,角弓反张
汗出,目瞪
咽喉白腐,角弓反张
咽喉白腐,手冷
咽喉白腐,目瞪
角弓反张,手冷
角弓反张,口唇发绀
角弓反张,气喘
角弓反张,目瞪
手冷,口唇发绀
手冷,气喘
手冷,目瞪
口唇发绀,目瞪
气喘,抽搐
气喘,目瞪
抽搐,目瞪
目瞪,面白
颌下痛,剧痛
颌下痛,咽喉白腐
颌下痛,便秘
颌下痛,腹胀
剧痛,咳嗽
剧痛,咽喉白腐
剧痛,颌下结节
剧痛,咳痰
剧痛,便秘
剧痛,腹胀
剧痛,咽肿
剧痛,口臭
咽喉白腐,颌下结节
咽喉白腐,咳痰
咽喉白腐,腹胀
咽喉白腐,口臭
颌下结节,便秘
颌下结节,腹胀
咳痰,腹胀
腹胀,咽肿
吞咽不利,汗出
吞咽不利,涎多
吞咽不利,咽喉糜烂
吞咽不利,咽喉白腐
吞咽不利,腰瘦
吞咽不利,盗汗
汗出,涎多
汗出,咽喉糜烂
涎多,咽痛
涎多,咽喉糜烂
涎多,咽喉白腐
涎多,腰瘦
涎多,乏力
涎多,发热
涎多,盗汗
咽痛,腰瘦
咽喉糜烂,咽喉白腐
咽喉糜烂,腰瘦
咽喉糜烂,乏力
咽喉糜烂,盗汗
咽喉白腐,腰瘦
咽喉白腐,乏力
咽喉白腐,盗汗
腰瘦,盗汗
梦遗,汗出
梦遗,腰酸
梦遗,不寐
梦遗,耳鸣
梦遗,健忘
梦遗,头晕
梦遗,发热
梦遗,盗汗
梦遗,心悸
咽喉白腐,腰痛
腰痛,面白
情绪不稳,咽异物感
吞咽不利,胁胀
吞咽不利,头晕
胁胀,咽异物感
烦躁,咽异物感
咽异物感,头晕
吞咽不利,胸闷
咳嗽,咽异物感
咳痰,咽异物感
咽异物感,纳差
咽异物感,胸闷
汗出,咽异物感
咽异物感,盗汗
咽干,悬雍下垂
咽干,悬雍肿
脘痞,悬雍下垂
脘痞,悬雍肿
脘痞,口臭
喜冷,悬雍下垂
喜冷,腹胀
喜冷,悬雍肿
悬雍下垂,口渴
悬雍下垂,尿黄
悬雍下垂,便秘
悬雍下垂,腹胀
悬雍下垂,悬雍肿
悬雍下垂,口臭
口渴,悬雍肿
尿黄,悬雍肿
便秘,悬雍肿
腹胀,悬雍肿
悬雍肿,口臭
吞咽不利,悬雍下垂
头昏沉,悬雍下垂
眼睑有颗粒,目痒
眼睑有颗粒,流泪
眼睑有颗粒,畏光
眼睑有颗粒,皮肤瘙痒
目痒,流泪
目痒,畏光
目痒,皮肤瘙痒
流泪,皮肤瘙痒
畏光,皮肤瘙痒
目痛,目痒
目痛,流泪
目痛,恶寒
目痛,眵稀
目痛,鼻塞
目痒,恶寒
目痒,眵稀
目痒,鼻塞
流泪,恶寒
流泪,眵稀
流泪,鼻塞
恶寒,眵稀
眵稀,鼻塞
眵稠,目痒
眵稠,目赤
眵稠,目热
眵稠,口渴
眵稠,尿黄
眵稠,便秘
眵稠,口苦
眵稠,泪热
目痒,目赤
目痒,目热
目痒,口渴
目痒,尿黄
目痒,便秘
目痒,口苦
目痒,泪热
目赤,目热
目赤,泪热
目热,口渴
目热,尿黄
目热,便秘
目热,口苦
目热,泪热
口渴,泪热
尿黄,泪热
便秘,泪热
口苦,泪热
目痒,目干
目痒,面色不荣
目痒,咽痒
目干,面色不荣
目干,皮肤瘙痒
目干,咽痒
面色不荣,咽痒
皮肤瘙痒,咽痒
胸胁胀,月经不调
善太息,面赤
眼睑有颗粒,目赤
眼睑有颗粒,目畏热
眼睑有颗粒,怕热
目赤,畏光
目赤,目畏热
目赤,怕热
畏光,目畏热
畏光,怕热
目畏热,怕热
目畏热,皮肤瘙痒
怕热,皮肤瘙痒
目痛,目赤
目痛,瞳神缩小
目痛,畏光
目痛,泪多
目痛,目畏热
目痛,怕热
目痛,便秘
目痛,腹胀
目赤,瞳神缩小
目赤,泪多
瞳神缩小,畏光
瞳神缩小,泪多
瞳神缩小,目畏热
瞳神缩小,怕热
瞳神缩小,便秘
瞳神缩小,腹胀
畏光,泪多
畏光,便秘
畏光,腹胀
泪多,目畏热
泪多,怕热
泪多,便秘
泪多,腹胀
目畏热,便秘
目畏热,腹胀
怕热,便秘
怕热,腹胀
咽干,流泪
咽干,黑睛星翳
咽干,畏光
咽干,目畏热
流泪,黑睛星翳
流泪,目畏热
流泪,口苦
黑睛星翳,畏光
黑睛星翳,目畏热
黑睛星翳,口苦
畏光,口苦
目畏热,口苦
目痛,目眩
目痛,眼睑肿胀
目眩,目赤
目眩,泪多
目眩,眼睑肿胀
泪多,眼睑肿胀
目痛,目肿
目痛,眼睑紫
目肿,眼睑紫
目痛,烦渴
目痛,头肿大
目痛,口渴
目痛,发热
目痛,眼睑丹毒
目痛,面肿
目痛,眵多
情绪不稳,头肿大
情绪不稳,泪多
情绪不稳,眼睑丹毒
情绪不稳,面肿
烦渴,头肿大
烦渴,泪多
烦渴,眼睑丹毒
烦渴,目肿
烦渴,面肿
头肿大,烦躁
头肿大,口渴
头肿大,恶寒
头肿大,泪多
头肿大,发热
头肿大,眼睑丹毒
头肿大,目肿
头肿大,面肿
头肿大,眵多
烦躁,泪多
烦躁,眼睑丹毒
烦躁,面肿
口渴,泪多
口渴,眼睑丹毒
口渴,目肿
口渴,面肿
口渴,眵多
恶寒,泪多
恶寒,眼睑丹毒
泪多,发热
泪多,眼睑丹毒
泪多,目肿
泪多,面肿
泪多,眵多
发热,眼睑丹毒
眼睑丹毒,目肿
眼睑丹毒,面肿
眼睑丹毒,眵多
目肿,面肿
目肿,眵多
面肿,眵多
头昏沉,湿疮
头昏沉,眼睑红
头昏沉,面部瘙痒
头昏沉,面赤
头昏沉,颜面红
头昏沉,眼睑丹毒
头昏沉,皮肤溃烂
头昏沉,颜面痛
尿不利,湿疮
尿不利,眼睑红
尿不利,面部瘙痒
尿不利,颜面红
尿不利,眼睑丹毒
尿不利,皮肤溃烂
尿不利,颜面痛
湿疮,眼睑红
湿疮,面部瘙痒
湿疮,面赤
湿疮,乏力
湿疮,颜面红
湿疮,眼睑丹毒
湿疮,胸闷
湿疮,皮肤溃烂
湿疮,颜面痛
眼睑红,面部瘙痒
眼睑红,面赤
眼睑红,颜面红
眼睑红,眼睑丹毒
眼睑红,胸闷
眼睑红,皮肤溃烂
眼睑红,颜面痛
眼睑红,纳差
面部瘙痒,乏力
面部瘙痒,尿黄
面部瘙痒,颜面红
面部瘙痒,眼睑丹毒
面部瘙痒,胸闷
面部瘙痒,皮肤溃烂
面部瘙痒,颜面痛
面部瘙痒,纳差
面赤,颜面红
面赤,眼睑丹毒
面赤,颜面痛
乏力,颜面红
乏力,眼睑丹毒
乏力,颜面痛
尿黄,颜面红
尿黄,眼睑丹毒
尿黄,皮肤溃烂
尿黄,颜面痛
颜面红,眼睑丹毒
颜面红,胸闷
颜面红,皮肤溃烂
颜面红,颜面痛
颜面红,纳差
眼睑丹毒,胸闷
眼睑丹毒,皮肤溃烂
眼睑丹毒,颜面痛
眼睑丹毒,纳差
胸闷,皮肤溃烂
胸闷,颜面痛
皮肤溃烂,颜面痛
颜面痛,纳差
目痛,眼睑红肿
目痛,针眼
目痛,皮肤瘙痒
恶寒,眼睑红肿
恶寒,针眼
眼睑红肿,发热
眼睑红肿,针眼
眼睑红肿,皮肤瘙痒
发热,针眼
针眼,皮肤瘙痒
目痛,白睛肿胀
眼睑红肿,白睛肿胀
眼睑红肿,便秘
针眼,白睛肿胀
针眼,便秘
发热,白睛肿胀
白睛肿胀,便秘
乏力,针眼
乏力,眼睑肿胀
针眼,胸闷
针眼,眼睑肿胀
针眼,少言
胸闷,眼睑肿胀
眼睑肿胀,少言
气粗,谵语
气粗,肢冷
气粗,胸闷
谵语,肢冷
谵语,胸闷
眼睑红,针眼
眼睑红,消化不良
眼睑红,目肿
纳差,针眼
纳差,消化不良
针眼,消化不良
针眼,目肿
消化不良,目肿
目痒,眼皮跳
目痒,不能自制
眼皮跳,不能自制
眼皮跳,目干
眼皮跳,面色不荣
不能自制,目干
目痛,视力疲劳
目痛,眼皮跳
目痛,眼睑激动
目痛,目闭
目痛,头晕
目痛,乏力
目痛,纳差
目痛,目眨
目痛,面黄
视力疲劳,眼皮跳
视力疲劳,眼睑激动
视力疲劳,目闭
视力疲劳,头晕
视力疲劳,乏力
视力疲劳,纳差
视力疲劳,目眨
视力疲劳,面黄
眼皮跳,眼睑激动
眼皮跳,目闭
眼皮跳,头晕
眼皮跳,乏力
眼皮跳,纳差
眼皮跳,目眨
眼皮跳,面黄
眼睑激动,目闭
眼睑激动,头晕
眼睑激动,乏力
眼睑激动,纳差
眼睑激动,目眨
眼睑激动,面黄
目闭,纳差
目闭,目眨
目闭,面黄
头晕,目眨
乏力,目眨
纳差,目眨
目眨,面黄
目痛,形寒
目痒,头痛
目痒,发热
目痒,形寒
目赤,眼皮跳
目赤,形寒
眼皮跳,头痛
眼皮跳,恶寒
眼皮跳,发热
眼皮跳,形寒
头痛,形寒
目下垂,阴挺
目下垂,脱肛
目下垂,黑睛全遮
目下垂,呼吸急促
目下垂,乏力
目下垂,肢软
目下垂,形寒
阴挺,脱肛
阴挺,黑睛全遮
阴挺,呼吸急促
阴挺,肢软
阴挺,形寒
脱肛,黑睛全遮
脱肛,肢软
脱肛,形寒
黑睛全遮,呼吸急促
黑睛全遮,乏力
黑睛全遮,肢软
黑睛全遮,形寒
呼吸急促,肢软
皮肤瘙痒,目下垂
皮肤瘙痒,目胀
头痛,目下垂
头痛,目胀
目下垂,目胀
目生痰核,眼睑红
目痛,目生痰核
咽干,目痒
咽干,目生痰核
咽干,眼睑肿胀
目痒,目生痰核
目痒,眼睑肿胀
口渴,目生痰核
目生痰核,眼睑肿胀
目生椒粟,眼睑有颗粒
目生椒粟,目痒
目生椒粟,流泪
目生椒粟,目干
目生椒粟,畏光
目生椒粟,眼部不适
目生椒粟,目肿
目生椒粟,眵多
眼睑有颗粒,目干
眼睑有颗粒,眼部不适
眼睑有颗粒,目肿
眼睑有颗粒,眵多
目痒,眼部不适
目痒,目肿
目痒,眵多
流泪,目干
流泪,眼部不适
流泪,目肿
流泪,眵多
目干,畏光
目干,眼部不适
目干,目肿
目干,眵多
畏光,眼部不适
畏光,目肿
畏光,眵多
眼部不适,目肿
眼部不适,眵多
恶心,大便不爽
脘痞,大便不爽
不寐,大便不爽
大便不爽,头晕
大便不爽,呕吐
大便不爽,胸闷
大便不爽,心悸
目生椒粟,目赤
目生椒粟,眼睑肿胀
目生椒粟,黑睛星翳
目生椒粟,面黄
目生椒粟,咽痒
眼睑有颗粒,眼睑肿胀
眼睑有颗粒,黑睛星翳
眼睑有颗粒,面黄
眼睑有颗粒,咽痒
目痒,黑睛星翳
目痒,面黄
目赤,黑睛星翳
目赤,面黄
目赤,咽痒
眼睑肿胀,流泪
眼睑肿胀,黑睛星翳
眼睑肿胀,畏光
眼睑肿胀,咽痒
流泪,面黄
流泪,咽痒
黑睛星翳,面黄
黑睛星翳,咽痒
畏光,面黄
畏光,咽痒
面黄,咽痒
目痛,胞内生肉
胞内生肉,头痛
胞内生肉,发热
胞内生肉,形寒
胞内生肉,盗汗
胞内生肉,汗出
目痛,目干
目痛,倒睫
目痒,泪多
目痒,目眨
目痒,倒睫
目赤,目干
目赤,目眨
目赤,倒睫
流泪,泪多
流泪,目眨
流泪,倒睫
目干,泪多
目干,目眨
目干,眼睑肿胀
目干,倒睫
畏光,目眨
畏光,倒睫
泪多,目眨
泪多,倒睫
目眨,眼睑肿胀
目眨,倒睫
眼睑肿胀,倒睫
目痛,少气
少气,流泪
少气,畏光
少气,倒睫
流泪,乏力
乏力,倒睫
消瘦,指甲色淡
流泪,肢冷
流泪,唇色淡
流泪,面色不荣
流泪,指甲色淡
肢冷,唇色淡
肢冷,指甲色淡
恶寒,唇色淡
恶寒,指甲色淡
唇色淡,面色不荣
面色不荣,指甲色淡
目赤,耳鸣
目赤,鼻干
耳鸣,流泪
流泪,口渴
流泪,鼻干
流泪,头晕
瞻视,不寐
瞻视,耳聋
瞻视,耳鸣
瞻视,流泪
瞻视,视力受损
瞻视,遗精
瞻视,视物模糊
不寐,流泪
流泪,视力受损
流泪,遗精
流泪,视物模糊
目痛,皮肤色红
目痛,露睛
目痛,肢体痛
皮肤色红,露睛
头痛,露睛
露睛,恶寒
露睛,发热
露睛,肢体痛
情绪不稳,欲漱水
欲漱水,不喜饮
欲漱水,不寐
欲漱水,皮疹
欲漱水,烦躁
欲漱水,口渴
欲漱水,皮肤斑块
欲漱水,发热
欲漱水,面暗
欲漱水,心悸
皮肤斑块,面暗
目痛,尿黄
目痛,硬块
口渴,露睛
口渴,硬块
露睛,尿黄
露睛,硬块
露睛,目肿
尿黄,目肿
发热,硬块
硬块,目肿
目痛,泪窍溢脓
口渴,泪窍溢脓
露睛,泪窍溢脓
泪窍溢脓,发热
泪窍溢脓,目肿
面色不荣,目肿
流泪,头痛
流泪,发热
头痛,畏光
目赤,目闭
目赤,眵结
目热,目闭
目热,目干
目热,眵结
目热,畏光
目热,眵多
目闭,目干
目闭,眵结
目闭,畏光
目闭,眵多
目干,眵结
眵结,畏光
眵结,眵多
视力疲劳,流泪
视力疲劳,目赤
视力疲劳,畏光
目痛,胁痛
目痛,恶热
目痛,目胀
咽干,恶热
咽干,目胀
目赤,恶热
目赤,目胀
流泪,胁痛
流泪,尿黄
流泪,恶热
流泪,便秘
流泪,目胀
胁痛,恶热
胁痛,目胀
头痛,恶热
尿黄,目胀
恶热,口苦
恶热,目胀
便秘,目胀
口苦,目胀
目赤,腰酸
目赤,盗汗
目赤,睫毛结痂
目赤,皮肤溃烂
目赤,目肿
目赤,皮肤水疱
皮疹,睫毛结痂
皮疹,皮肤溃烂
皮疹,目肿
流泪,睫毛结痂
流泪,皮肤溃烂
睫毛结痂,畏光
睫毛结痂,皮肤溃烂
睫毛结痂,目肿
睫毛结痂,皮肤水疱
畏光,皮肤溃烂
皮肤溃烂,目肿
目肿,皮肤水疱
吞咽不利,打鼾
吞咽不利,不寐
打鼾,不寐
打鼾,咽痛
打鼾,咳嗽
打鼾,鼻塞
打鼾,流鼻涕
打鼾,胸闷
打鼾,咽痒
不寐,鼻塞
不寐,流鼻涕
咽痛,胸闷
胸闷,咽痒
情绪不稳,眼热
情绪不稳,眼痒
情绪不稳,目胀
目赤,眼热
目赤,眼痒
眼热,胁胀
眼热,烦躁
眼热,眼痒
眼热,头痛
眼热,口苦
眼热,目胀
胁胀,眼痒
胁胀,目胀
烦躁,眼痒
烦躁,目胀
眼痒,头痛
眼痒,口苦
眼痒,目胀
目痒,眼睑皮肤增厚
目痒,身体弱
目痒,眼睑皮肤粗糙
目赤,眼睑皮肤增厚
目赤,身体弱
目赤,眼睑皮肤粗糙
眼睑皮肤增厚,身体弱
眼睑皮肤增厚,眼睑皮肤粗糙
眼睑皮肤增厚,目干
身体弱,眼睑皮肤粗糙
身体弱,目干
眼睑皮肤粗糙,目干
目痒,脘痞
目痒,眼睑红
目痒,嗳气
目痒,纳差
目痒,腹胀
目赤,脘痞
目赤,眼睑红
目赤,嗳气
目赤,纳差
脘痞,眼睑红
眼睑红,嗳气
眼睑红,腹胀
咽干,视力疲劳
咽干,爪白
视力疲劳,爪白
视力疲劳,腰酸
视力疲劳,不寐
视力疲劳,耳鸣
视力疲劳,目干
视力疲劳,遗精
视力疲劳,发热
爪白,腰酸
爪白,耳鸣
爪白,目干
爪白,遗精
目干,遗精
目干,面黄
遗精,面黄
目痒,咳嗽
目痒,咳痰
目痒,欲饮
目痒,鼻干
咳嗽,目干
咳痰,目干
欲饮,鼻干
欲饮,目干
鼻干,目干
目痛,白睛生疳
目痒,白睛生疳
目赤,白睛生疳
流泪,白睛生疳
口渴,白睛生疳
眵多,白睛生疳
头昏沉,目热
头昏沉,目眦糜烂
头昏沉,白晴小泡
头昏沉,眼睑糜烂
头昏沉,白睛生疳
目热,乏力
目热,目眦糜烂
目热,胸闷
目热,白晴小泡
目热,眼睑糜烂
目热,白睛生疳
乏力,目眦糜烂
乏力,白晴小泡
乏力,眼睑糜烂
乏力,白睛生疳
目眦糜烂,胸闷
目眦糜烂,白晴小泡
目眦糜烂,眼睑糜烂
目眦糜烂,白睛生疳
胸闷,白晴小泡
胸闷,眼睑糜烂
胸闷,白睛生疳
白晴小泡,眼睑糜烂
白晴小泡,白睛生疳
眼睑糜烂,白睛生疳
腹痛,白晴小泡
腹痛,白睛生疳
脘痞,白晴小泡
脘痞,白睛生疳
便溏,白晴小泡
便溏,白睛生疳
咳嗽,白睛鱼胞
皮肤瘙痒,白睛鱼胞
白睛鱼胞,恶寒
喉中有痰,打鼾
喉中有痰,脘痞
喉中有痰,不易咯吐
喉中有痰,胸闷
喉中有痰,鼻热
情绪不稳,打鼾
情绪不稳,不易咯吐
情绪不稳,鼻热
打鼾,脘痞
打鼾,便秘
打鼾,汗出
打鼾,不易咯吐
打鼾,烦躁
打鼾,咳痰
打鼾,口渴
打鼾,尿黄
打鼾,尿短
打鼾,发热
打鼾,鼻热
脘痞,汗出
脘痞,不易咯吐
脘痞,鼻热
便秘,不易咯吐
汗出,不易咯吐
不寐,不易咯吐
不寐,鼻热
咳嗽,不易咯吐
不易咯吐,烦躁
不易咯吐,咳痰
不易咯吐,口渴
不易咯吐,尿黄
不易咯吐,尿短
不易咯吐,发热
不易咯吐,胸闷
不易咯吐,鼻热
烦躁,鼻热
胸闷,鼻热
咽干,目闭
咽干,泪多
咽干,白睛肿胀
咽干,白睛鱼胞
咽干,眵多
目闭,口渴
目闭,泪多
目闭,白睛肿胀
目闭,便秘
目闭,白睛鱼胞
口渴,白睛肿胀
口渴,白睛鱼胞
泪多,白睛肿胀
泪多,白睛鱼胞
白睛肿胀,白睛鱼胞
白睛肿胀,眵多
便秘,白睛鱼胞
白睛鱼胞,眵多
口疮,眵少
口疮,白睛鱼胞
情绪不稳,眵少
情绪不稳,白睛鱼胞
不寐,眵少
不寐,白睛鱼胞
眵少,烦躁
眵少,白睛鱼胞
烦躁,白睛鱼胞
视力疲劳,白睛鱼胞
视力疲劳,面白
乏力,白睛鱼胞
纳差,白睛鱼胞
白睛鱼胞,面白
胸痛,咽痛
胸痛,欲饮
目赤,无汗
目赤,肢体痛
无汗,胸闷
周身酸楚,目赤
周身酸楚,目干
目赤,无痰
目干,头痛
目干,无痰
胸痛,耳鸣
胸痛,目胀
耳鸣,目胀
头晕,目胀
面赤,目胀
目赤,喜饮
情绪不稳,眵结
烦躁,眵结
口渴,眵结
眵结,头痛
眵结,发热
恶心,打鼾
呼吸困难,打鼾
呼吸困难,大便不调
打鼾,嗜卧
打鼾,腹胀
打鼾,呼吸急促
打鼾,大便不调
打鼾,乏力
打鼾,纳差
打鼾,面黄
嗜卧,咳嗽
嗜卧,咳痰
嗜卧,大便不调
咳嗽,大便不调
咳嗽,面黄
咳痰,大便不调
咳痰,面黄
呼吸急促,大便不调
目赤,眵少
眵少,视力受损
眵少,目干
眵少,头晕
眵少,皮肤瘙痒
眵少,视物模糊
目赤,耳聋
目赤,早泄
目赤,下肢痛
目赤,遗精
目赤,四肢痛
目赤,腰痛
耳聋,下肢痛
耳聋,四肢痛
早泄,目干
下肢痛,目干
目干,四肢痛
咽干,眵稠
咽干,赤膜下垂
咽干,眼睑生疮
咽干,眵黄
眵稠,赤膜下垂
眵稠,眼睑生疮
眵稠,眵黄
赤膜下垂,眼睑生疮
赤膜下垂,眵黄
赤膜下垂,便秘
赤膜下垂,口苦
眼睑生疮,眵黄
眼睑生疮,便秘
眼睑生疮,口苦
眵黄,便秘
眵黄,口苦
目赤,赤膜下垂
赤膜下垂,流泪
赤膜下垂,畏光
赤膜下垂,怕热
流泪,怕热
情绪不稳,眦角紧小
情绪不稳,赤膜下垂
情绪不稳,目闭
眦角紧小,赤膜下垂
眦角紧小,目闭
眦角紧小,烦躁
眦角紧小,口渴
眦角紧小,头痛
眦角紧小,面赤
眦角紧小,便秘
赤膜下垂,目闭
赤膜下垂,烦躁
赤膜下垂,口渴
赤膜下垂,头痛
赤膜下垂,面赤
目闭,烦躁
目闭,面赤
咳嗽,胬肉攀睛
皮肤瘙痒,胬肉攀睛
皮肤瘙痒,咳痰
胬肉攀睛,咳痰
情绪不稳,胬肉攀睛
目赤,胬肉攀睛
不寐,胬肉攀睛
烦躁,胬肉攀睛
口渴,胬肉攀睛
便秘,胬肉攀睛
口苦,胬肉攀睛
胁痛,胬肉攀睛
腹胀,胬肉攀睛
胬肉攀睛,腰酸
胬肉攀睛,发热
欲漱水,打鼾
欲漱水,咽痛
欲漱水,头痛
欲漱水,胸闷
欲漱水,咽肿
打鼾,皮疹
打鼾,皮肤斑块
打鼾,头痛
打鼾,咽肿
不寐,咽肿
皮肤斑块,咽肿
胸闷,咽肿
眼外伤,胬肉攀睛
眼外伤,活动不利
胬肉攀睛,活动不利
眵泪,畏光
眵泪,白睛疱疹
眵泪,轮上赤豆
畏光,白睛疱疹
畏光,轮上赤豆
白睛疱疹,轮上赤豆
轮上赤豆,皮疹
轮上赤豆,流泪
轮上赤豆,皮肤水疱
目痛,轮上赤豆
目痛,黑睛疱疹
目痛,以手遮目
轮上赤豆,黑睛疱疹
轮上赤豆,以手遮目
黑睛疱疹,流泪
黑睛疱疹,畏光
黑睛疱疹,以手遮目
流泪,以手遮目
畏光,以手遮目
咽干,轮上赤豆
咽干,黑睛疱疹
咽干,白睛疱疹
轮上赤豆,口渴
黑睛疱疹,口渴
黑睛疱疹,白睛疱疹
口渴,白睛疱疹
情绪不稳,轮上赤豆
情绪不稳,黑睛疱疹
情绪不稳,畏光
情绪不稳,白睛疱疹
情绪不稳,怕热
轮上赤豆,烦躁
轮上赤豆,乏力
轮上赤豆,纳差
轮上赤豆,怕热
黑睛疱疹,烦躁
黑睛疱疹,乏力
黑睛疱疹,纳差
黑睛疱疹,怕热
烦躁,畏光
烦躁,白睛疱疹
烦躁,怕热
畏光,纳差
乏力,白睛疱疹
乏力,怕热
白睛疱疹,纳差
白睛疱疹,怕热
纳差,怕热
轮上赤豆,颈部肿块
轮上赤豆,面白
黑睛疱疹,颈部肿块
黑睛疱疹,面白
白睛疱疹,颈部肿块
白睛疱疹,面白
颈部肿块,面白
情绪不稳,近视
情绪不稳,流泪
情绪不稳,瞳神缩小
咽干,近视
咽干,瞳神缩小
咽干,怕热
近视,目赤
近视,流泪
近视,喜冷
近视,烦躁
近视,视力受损
近视,口苦
近视,瞳神缩小
近视,头晕
近视,畏光
近视,怕热
近视,视物模糊
流泪,喜冷
流泪,烦躁
流泪,瞳神缩小
喜冷,瞳神缩小
喜冷,畏光
喜冷,怕热
烦躁,瞳神缩小
视力受损,瞳神缩小
视力受损,畏光
视力受损,怕热
口苦,瞳神缩小
口苦,怕热
瞳神缩小,头晕
瞳神缩小,视物模糊
头晕,畏光
头晕,怕热
畏光,视物模糊
怕热,视物模糊
目痛,欲饮
流泪,欲饮
欲饮,畏光
欲饮,怕热
口渴,畏光
口渴,怕热
无汗,啮齿
头痛,啮齿
恶寒,啮齿
发热,啮齿
肢体痛,啮齿
目痛,黑睛星翳
黑睛溃烂,黑睛突出
黑睛溃烂,流泪
黑睛溃烂,黑睛星翳
黑睛溃烂,畏光
黑睛突出,流泪
黑睛突出,黑睛星翳
黑睛突出,畏光
梦遗,星翳凹陷
梦遗,视力受损
梦遗,黑睛星翳
梦遗,畏光
梦遗,滑精
梦遗,视物模糊
腰酸,星翳凹陷
腰酸,黑睛星翳
腰酸,畏光
星翳凹陷,视力受损
星翳凹陷,黑睛星翳
星翳凹陷,头晕
星翳凹陷,畏光
星翳凹陷,滑精
星翳凹陷,视物模糊
视力受损,黑睛星翳
黑睛星翳,头晕
黑睛星翳,滑精
黑睛星翳,视物模糊
畏光,滑精
少气,星翳凹陷
少气,黑睛星翳
少气,形体虚弱
星翳凹陷,流泪
星翳凹陷,面白
星翳凹陷,少言
星翳凹陷,形体虚弱
流泪,面白
流泪,少言
流泪,形体虚弱
面白,黑睛星翳
面白,畏光
面白,形体虚弱
黑睛星翳,少言
黑睛星翳,形体虚弱
畏光,少言
畏光,形体虚弱
少言,形体虚弱
目干,云雾移睛
目干,黑睛星翳
云雾移睛,目赤
云雾移睛,黑睛星翳
口渴,黑睛星翳
黑睛星翳,纳差
目干,纳差
黑睛星翳,健忘
黑睛星翳,发热
欲漱水,黑睛星翳
腹泻,疳翳
腹泻,眼睑激动
腹泻,夜盲
腹泻,目干
腹泻,发枯
疳翳,眼睑激动
疳翳,夜盲
疳翳,消瘦
疳翳,目干
疳翳,发枯
疳翳,腹胀
疳翳,便溏
眼睑激动,夜盲
眼睑激动,消瘦
眼睑激动,目干
眼睑激动,发枯
眼睑激动,腹胀
眼睑激动,便溏
夜盲,目干
夜盲,腹胀
夜盲,便溏
消瘦,目干
目干,发枯
目干,腹胀
目干,便溏
目痒,疳翳
目痒,夜盲
目痒,消瘦
目痒,大便多
目痒,大便臭
疳翳,畏光
疳翳,大便多
疳翳,纳差
疳翳,目眨
疳翳,大便臭
夜盲,畏光
夜盲,大便多
夜盲,目眨
夜盲,大便臭
消瘦,大便多
消瘦,目眨
消瘦,大便臭
目干,大便多
目干,大便臭
畏光,大便多
畏光,大便臭
大便多,目眨
大便多,大便臭
目眨,腹胀
目眨,大便臭
口疮,胃脘嘈杂
口疮,啮齿
情绪不稳,胃脘嘈杂
情绪不稳,啮齿
不寐,喜冷
不寐,胃脘嘈杂
不寐,啮齿
喜冷,发热
喜冷,啮齿
烦躁,胃脘嘈杂
烦躁,啮齿
口渴,啮齿
胃脘嘈杂,啮齿
呕吐,啮齿
啮齿,口臭
错齿,疳翳
错齿,目赤
错齿,夜盲
错齿,大便下虫
错齿,黑睛枯涩
错齿,发热
错齿,目眨
错齿,啮齿
疳翳,目赤
疳翳,大便下虫
疳翳,黑睛枯涩
疳翳,发热
疳翳,啮齿
目赤,夜盲
目赤,大便下虫
目赤,黑睛枯涩
目赤,啮齿
夜盲,大便下虫
夜盲,黑睛枯涩
夜盲,发热
夜盲,啮齿
大便下虫,黑睛枯涩
大便下虫,发热
大便下虫,目眨
大便下虫,啮齿
黑睛枯涩,发热
黑睛枯涩,目眨
黑睛枯涩,啮齿
发热,目眨
目眨,啮齿
疳翳,发少
疳翳,脱肛
疳翳,腹大
疳翳,面黄
疳翳,黑睛晦暗
发少,脱肛
发少,黑睛枯涩
发少,腹大
发少,畏光
发少,目眨
发少,黑睛晦暗
消瘦,黑睛枯涩
消瘦,腹大
消瘦,黑睛晦暗
脱肛,黑睛枯涩
脱肛,腹大
脱肛,畏光
脱肛,目眨
脱肛,面黄
脱肛,黑睛晦暗
黑睛枯涩,腹大
黑睛枯涩,畏光
黑睛枯涩,面黄
黑睛枯涩,便溏
黑睛枯涩,黑睛晦暗
腹大,畏光
腹大,目眨
腹大,黑睛晦暗
畏光,便溏
畏光,黑睛晦暗
目眨,便溏
目眨,黑睛晦暗
面黄,黑睛晦暗
便溏,黑睛晦暗
腹泻,黑睛溃烂
腹泻,白睛灰白
腹泻,足肿
腹泻,手肿
腹泻,青筋暴露
黑睛溃烂,足冷
黑睛溃烂,疳翳
黑睛溃烂,腹胀
黑睛溃烂,夜盲
黑睛溃烂,消瘦
黑睛溃烂,手冷
黑睛溃烂,乏力
黑睛溃烂,白睛灰白
黑睛溃烂,足肿
黑睛溃烂,手肿
黑睛溃烂,青筋暴露
足冷,疳翳
足冷,夜盲
足冷,白睛灰白
足冷,足肿
足冷,手肿
足冷,青筋暴露
疳翳,手冷
疳翳,乏力
疳翳,白睛灰白
疳翳,足肿
疳翳,手肿
疳翳,青筋暴露
腹胀,白睛灰白
腹胀,足肿
腹胀,手肿
腹胀,青筋暴露
夜盲,手冷
夜盲,白睛灰白
夜盲,足肿
夜盲,手肿
夜盲,青筋暴露
消瘦,白睛灰白
消瘦,足肿
消瘦,手肿
消瘦,青筋暴露
手冷,白睛灰白
手冷,足肿
手冷,手肿
手冷,青筋暴露
乏力,白睛灰白
乏力,足肿
乏力,手肿
乏力,青筋暴露
白睛灰白,足肿
白睛灰白,手肿
白睛灰白,青筋暴露
足肿,手肿
足肿,青筋暴露
手肿,青筋暴露
目痛,黄仁溃破
目痛,黄仁突出
目痛,蟹睛
目痛,面赤
目痛,坐卧不安
黄仁溃破,咽干
黄仁溃破,黄仁突出
黄仁溃破,目赤
黄仁溃破,蟹睛
黄仁溃破,瞳神缩小
黄仁溃破,畏光
黄仁溃破,面赤
黄仁溃破,泪多
黄仁溃破,坐卧不安
黄仁溃破,便秘
黄仁溃破,口苦
咽干,黄仁突出
咽干,蟹睛
黄仁突出,目赤
黄仁突出,蟹睛
黄仁突出,瞳神缩小
黄仁突出,畏光
黄仁突出,面赤
黄仁突出,泪多
黄仁突出,坐卧不安
黄仁突出,便秘
黄仁突出,口苦
目赤,蟹睛
目赤,坐卧不安
蟹睛,瞳神缩小
蟹睛,畏光
蟹睛,面赤
蟹睛,泪多
蟹睛,坐卧不安
蟹睛,便秘
蟹睛,口苦
瞳神缩小,面赤
瞳神缩小,坐卧不安
畏光,面赤
畏光,坐卧不安
面赤,泪多
面赤,坐卧不安
泪多,坐卧不安
泪多,口苦
黄仁溃破,乏力
黄仁突出,乏力
蟹睛,乏力
腰酸,蟹睛
蟹睛,耳鸣
蟹睛,头晕
咽干,黄液上冲
咽干,白睛紫
黄液上冲,目赤
黄液上冲,便秘
黄液上冲,流泪
黄液上冲,畏光
黄液上冲,尿黄
黄液上冲,尿短
黄液上冲,纳差
黄液上冲,胸闷
黄液上冲,白睛紫
黄液上冲,口苦
目赤,尿短
目赤,白睛紫
便秘,白睛紫
流泪,尿短
流泪,纳差
流泪,胸闷
流泪,白睛紫
畏光,胸闷
畏光,白睛紫
尿黄,白睛紫
尿短,白睛紫
纳差,白睛紫
胸闷,白睛紫
白睛紫,口苦
腹泻,黄液上冲
黄液上冲,呕吐
黄液上冲,面暗
黄液上冲,腹胀
呕吐,面暗
易惊,眼睑激动
易惊,目眨
面青,眼睑激动
面青,目眨
腹泻,胸痛
腹泻,啮齿
胸痛,呕吐
胸痛,啮齿
胸痛,大便臭
腹痛,啮齿
嗳气,尿黄
嗳气,啮齿
尿黄,啮齿
纳差,啮齿
便秘,啮齿
啮齿,大便臭
目痒,视力受损
目痒,视物模糊
视力受损,目眨
目眨,视物模糊
情绪不稳,眼睑激动
目赤,眼睑激动
眼睑激动,流泪
眼睑激动,烦躁
眼睑激动,畏光
眼睑激动,发热
视力疲劳,目胀
目闭,目胀
咽干,泪红
咽干,眵红
泪红,胁痛
泪红,眵红
泪红,胸闷
泪红,口苦
泪红,目胀
胁痛,眵红
眵红,胸闷
眵红,口苦
眵红,目胀
胸闷,目胀
汗出,唇甲淡白
汗出,目胀
不寐,目胀
自汗,唇甲淡白
自汗,目胀
唇甲淡白,面黄
唇甲淡白,目胀
呼吸急促,目胀
面黄,目胀
心悸,目胀
汗出,肢软
耳鸣,肢软
视力受损,肢软
肢软,视物模糊
肢软,精神恍惚
肢软,盗汗
呼吸困难,大便失禁
呼吸困难,目凹陷
呼吸困难,言语错乱
呼吸困难,瞳神散大
呼吸困难,循衣摸床
呼吸困难,精神恍惚
大便失禁,消瘦
大便失禁,目凹陷
大便失禁,瞳神散大
大便失禁,循衣摸床
大便失禁,精神恍惚
消瘦,言语错乱
消瘦,瞳神散大
消瘦,循衣摸床
目凹陷,言语错乱
目凹陷,视力受损
目凹陷,瞳神散大
目凹陷,尿失禁
目凹陷,视物模糊
目凹陷,循衣摸床
目凹陷,精神恍惚
言语错乱,瞳神散大
言语错乱,循衣摸床
视力受损,瞳神散大
视力受损,循衣摸床
瞳神散大,尿失禁
瞳神散大,视物模糊
瞳神散大,循衣摸床
瞳神散大,精神恍惚
尿失禁,循衣摸床
尿失禁,精神恍惚
视物模糊,循衣摸床
循衣摸床,精神恍惚
目痛,恶心
目痛,不喜饮
目痛,瞳神散大
目痛,呕吐
目痛,胸闷
目眩,不喜饮
目眩,瞳神散大
目眩,呕吐
目眩,目胀
恶心,瞳神散大
恶心,目胀
不喜饮,瞳神散大
不喜饮,呕吐
不喜饮,目胀
口渴,瞳神散大
口渴,目胀
瞳神散大,头痛
瞳神散大,呕吐
瞳神散大,乏力
瞳神散大,纳差
瞳神散大,胸闷
瞳神散大,目胀
呕吐,目胀
乏力,目胀
纳差,目胀
目痛,视力受损
情绪不稳,瞳神散大
烦躁,瞳神散大
欲饮,视力受损
欲饮,瞳神散大
欲饮,呕吐
欲饮,目胀
视力受损,目胀
目痛,腰酸
目痛,咽痛
目眩,咽痛
腰酸,咽痛
腰酸,瞳神散大
咽痛,瞳神散大
瞳神散大,头晕
咽干,肢冷
咽干,下利
咽痛,肢冷
咽痛,下利
恶寒,下利
面赤,下利
下利,发热
白睛蓝斑,腹痛
白睛蓝斑,不寐
白睛蓝斑,消瘦
白睛蓝斑,鼻痒
白睛蓝斑,胃脘嘈杂
白睛蓝斑,面部虫斑
白睛蓝斑,多食
白睛蓝斑,喜食异物
白睛蓝斑,啮齿
白睛蓝斑,唇内有小点
腹痛,鼻痒
腹痛,面部虫斑
腹痛,多食
腹痛,唇内有小点
不寐,鼻痒
不寐,面部虫斑
不寐,多食
不寐,喜食异物
不寐,唇内有小点
消瘦,鼻痒
消瘦,胃脘嘈杂
消瘦,面部虫斑
消瘦,啮齿
消瘦,唇内有小点
鼻痒,胃脘嘈杂
鼻痒,面部虫斑
鼻痒,多食
鼻痒,喜食异物
鼻痒,啮齿
鼻痒,唇内有小点
胃脘嘈杂,面部虫斑
胃脘嘈杂,多食
胃脘嘈杂,喜食异物
胃脘嘈杂,唇内有小点
面部虫斑,多食
面部虫斑,喜食异物
面部虫斑,啮齿
面部虫斑,唇内有小点
多食,喜食异物
多食,啮齿
多食,唇内有小点
喜食异物,啮齿
喜食异物,唇内有小点
啮齿,唇内有小点
目痛,不寐
目痛,心悸
不寐,瞳神散大
瞳神散大,心悸
复视,眼角㖞斜
复视,汗出
复视,自汗
复视,目下垂
复视,眼球运动受阻
复视,口眼歪斜
复视,目闭
复视,视力受损
复视,头痛
复视,恶寒
复视,口流清涎
复视,视物模糊
复视,目偏视
眼角㖞斜,汗出
眼角㖞斜,自汗
眼角㖞斜,目下垂
眼角㖞斜,眼球运动受阻
眼角㖞斜,口眼歪斜
眼角㖞斜,目闭
眼角㖞斜,视力受损
眼角㖞斜,头痛
眼角㖞斜,恶寒
眼角㖞斜,口流清涎
眼角㖞斜,视物模糊
眼角㖞斜,目偏视
汗出,目下垂
汗出,眼球运动受阻
汗出,口眼歪斜
汗出,目偏视
自汗,目下垂
自汗,眼球运动受阻
自汗,口眼歪斜
自汗,目闭
自汗,口流清涎
自汗,目偏视
目下垂,眼球运动受阻
目下垂,口眼歪斜
目下垂,目闭
目下垂,视力受损
目下垂,恶寒
目下垂,口流清涎
目下垂,视物模糊
目下垂,目偏视
眼球运动受阻,口眼歪斜
眼球运动受阻,目闭
眼球运动受阻,视力受损
眼球运动受阻,头痛
眼球运动受阻,恶寒
眼球运动受阻,口流清涎
眼球运动受阻,视物模糊
眼球运动受阻,目偏视
口眼歪斜,目闭
口眼歪斜,视力受损
口眼歪斜,恶寒
口眼歪斜,视物模糊
口眼歪斜,目偏视
目闭,视力受损
目闭,恶寒
目闭,口流清涎
目闭,视物模糊
目闭,目偏视
视力受损,恶寒
视力受损,目偏视
头痛,目偏视
恶寒,视物模糊
恶寒,目偏视
口流清涎,目偏视
视物模糊,目偏视
恶心,复视
恶心,目下垂
恶心,言语不利
恶心,口眼歪斜
恶心,眼球运动受阻
恶心,目偏视
复视,言语不利
复视,头晕
复视,呕吐
复视,乏力
复视,纳差
复视,胸闷
复视,便溏
目下垂,言语不利
目下垂,头晕
目下垂,呕吐
目下垂,纳差
目下垂,胸闷
目下垂,便溏
言语不利,口眼歪斜
言语不利,视力受损
言语不利,头晕
言语不利,呕吐
言语不利,乏力
言语不利,纳差
言语不利,胸闷
言语不利,便溏
言语不利,眼球运动受阻
言语不利,目偏视
口眼歪斜,呕吐
口眼歪斜,乏力
口眼歪斜,纳差
口眼歪斜,胸闷
口眼歪斜,便溏
视力受损,便溏
头晕,眼球运动受阻
头晕,目偏视
呕吐,眼球运动受阻
呕吐,目偏视
乏力,眼球运动受阻
乏力,目偏视
纳差,眼球运动受阻
纳差,目偏视
胸闷,眼球运动受阻
胸闷,目偏视
便溏,眼球运动受阻
便溏,目偏视
昏迷,仰视
昏迷,目偏视
仰视,角弓反张
仰视,头痛
仰视,发热
仰视,抽搐
仰视,意识障碍
仰视,目偏视
角弓反张,目偏视
发热,目偏视
抽搐,目偏视
意识障碍,目偏视
情绪不稳,足软
情绪不稳,四肢麻木
情绪不稳,筋肉跳动
情绪不稳,目偏视
足软,目赤
足软,四肢麻木
足软,烦躁
足软,口苦
足软,头晕
足软,头痛
足软,感觉异常
足软,筋肉跳动
足软,目偏视
目赤,四肢麻木
目赤,感觉异常
目赤,筋肉跳动
目赤,目偏视
四肢麻木,烦躁
四肢麻木,口苦
四肢麻木,头痛
四肢麻木,筋肉跳动
四肢麻木,目偏视
烦躁,筋肉跳动
烦躁,目偏视
口苦,感觉异常
口苦,筋肉跳动
口苦,目偏视
头晕,筋肉跳动
头痛,筋肉跳动
感觉异常,筋肉跳动
感觉异常,目偏视
筋肉跳动,目偏视
不寐,眼外伤
不寐,目偏视
不寐,夜梦
眼外伤,指纹紫
眼外伤,目偏视
眼外伤,啼哭
眼外伤,夜梦
指纹紫,目偏视
指纹紫,夜梦
目偏视,啼哭
目偏视,夜梦
啼哭,夜梦
智力低下,齿迟
智力低下,目偏视
发育迟缓,齿迟
发育迟缓,目偏视
齿迟,视力受损
齿迟,视物模糊
齿迟,目偏视
近视,外障
近视,内障
近视,目偏视
外障,视力受损
外障,视物模糊
外障,内障
外障,目偏视
视力受损,内障
视物模糊,内障
内障,目偏视
目痛,瞳神干缺
目痛,黄仁纹理不清
目痛,目浑浊
目痛,黑睛沉着物
目痛,瞳神边缘不齐
目眩,瞳神干缺
目眩,黄仁纹理不清
目眩,目浑浊
目眩,流泪
目眩,黑睛沉着物
目眩,欲饮
目眩,畏光
目眩,尿黄
目眩,瞳神边缘不齐
情绪不稳,瞳神干缺
情绪不稳,黄仁纹理不清
情绪不稳,目浑浊
情绪不稳,黑睛沉着物
情绪不稳,瞳神边缘不齐
目赤,瞳神干缺
目赤,黄仁纹理不清
目赤,目浑浊
目赤,黑睛沉着物
目赤,瞳神边缘不齐
瞳神干缺,黄仁纹理不清
瞳神干缺,目浑浊
瞳神干缺,流泪
瞳神干缺,黑睛沉着物
瞳神干缺,烦躁
瞳神干缺,欲饮
瞳神干缺,口渴
瞳神干缺,头痛
瞳神干缺,畏光
瞳神干缺,尿黄
瞳神干缺,便秘
瞳神干缺,瞳神边缘不齐
黄仁纹理不清,目浑浊
黄仁纹理不清,流泪
黄仁纹理不清,黑睛沉着物
黄仁纹理不清,烦躁
黄仁纹理不清,欲饮
黄仁纹理不清,口渴
黄仁纹理不清,头痛
黄仁纹理不清,畏光
黄仁纹理不清,尿黄
黄仁纹理不清,便秘
黄仁纹理不清,瞳神边缘不齐
目浑浊,流泪
目浑浊,黑睛沉着物
目浑浊,烦躁
目浑浊,欲饮
目浑浊,口渴
目浑浊,头痛
目浑浊,畏光
目浑浊,尿黄
目浑浊,便秘
目浑浊,瞳神边缘不齐
流泪,黑睛沉着物
流泪,瞳神边缘不齐
黑睛沉着物,烦躁
黑睛沉着物,欲饮
黑睛沉着物,口渴
黑睛沉着物,头痛
黑睛沉着物,畏光
黑睛沉着物,尿黄
黑睛沉着物,便秘
黑睛沉着物,瞳神边缘不齐
烦躁,瞳神边缘不齐
欲饮,瞳神边缘不齐
口渴,瞳神边缘不齐
头痛,瞳神边缘不齐
畏光,瞳神边缘不齐
尿黄,瞳神边缘不齐
便秘,瞳神边缘不齐
目眩,瞳神缩小
目眩,目翳
目眩,黄仁干枯色白
咽干,瞳神干缺
咽干,黄仁纹理不清
咽干,黑睛沉着物
咽干,目翳
咽干,黄仁干枯色白
情绪不稳,目翳
情绪不稳,黄仁干枯色白
腰酸,瞳神干缺
腰酸,黄仁纹理不清
腰酸,黑睛沉着物
腰酸,瞳神缩小
腰酸,目翳
腰酸,黄仁干枯色白
不寐,瞳神干缺
不寐,黄仁纹理不清
不寐,黑睛沉着物
不寐,瞳神缩小
不寐,目翳
不寐,黄仁干枯色白
瞳神干缺,耳鸣
瞳神干缺,瞳神缩小
瞳神干缺,目干
瞳神干缺,头晕
瞳神干缺,目翳
瞳神干缺,黄仁干枯色白
黄仁纹理不清,耳鸣
黄仁纹理不清,瞳神缩小
黄仁纹理不清,目干
黄仁纹理不清,头晕
黄仁纹理不清,目翳
黄仁纹理不清,黄仁干枯色白
耳鸣,黑睛沉着物
耳鸣,瞳神缩小
耳鸣,目翳
耳鸣,黄仁干枯色白
目赤,目翳
目赤,黄仁干枯色白
黑睛沉着物,瞳神缩小
黑睛沉着物,目干
黑睛沉着物,头晕
黑睛沉着物,目翳
黑睛沉着物,黄仁干枯色白
烦躁,目翳
烦躁,黄仁干枯色白
口渴,瞳神缩小
口渴,目翳
口渴,黄仁干枯色白
瞳神缩小,目干
瞳神缩小,目翳
瞳神缩小,黄仁干枯色白
目干,目翳
目干,黄仁干枯色白
头晕,目翳
头晕,黄仁干枯色白
目翳,黄仁干枯色白
声低,四肢麻木
声低,啮齿
声低,少言
少气,四肢麻木
少气,啮齿
四肢麻木,啮齿
四肢麻木,心悸
四肢麻木,少言
四肢麻木,面白
头晕,啮齿
乏力,啮齿
感觉异常,啮齿
感觉异常,少言
啮齿,心悸
啮齿,少言
啮齿,面白
目痛,黑睛鲜红
目痛,耳鸣
目痛,胁胀
目痛,眼出血
目痛,血灌瞳神
情绪不稳,黑睛鲜红
情绪不稳,眼出血
情绪不稳,血灌瞳神
目眩,黑睛鲜红
目眩,胁胀
目眩,眼出血
目眩,血灌瞳神
目眩,口苦
咽干,黑睛鲜红
咽干,胁胀
咽干,眼出血
咽干,血灌瞳神
目赤,黑睛鲜红
目赤,眼出血
目赤,血灌瞳神
黑睛鲜红,耳鸣
黑睛鲜红,胁胀
黑睛鲜红,烦躁
黑睛鲜红,眼出血
黑睛鲜红,流泪
黑睛鲜红,头痛
黑睛鲜红,血灌瞳神
黑睛鲜红,畏光
黑睛鲜红,便秘
黑睛鲜红,口苦
黑睛鲜红,目胀
耳鸣,胁胀
耳鸣,眼出血
耳鸣,血灌瞳神
耳鸣,畏光
胁胀,眼出血
胁胀,流泪
胁胀,血灌瞳神
胁胀,畏光
胁胀,便秘
烦躁,眼出血
烦躁,血灌瞳神
眼出血,流泪
眼出血,头痛
眼出血,血灌瞳神
眼出血,畏光
眼出血,便秘
眼出血,口苦
眼出血,目胀
流泪,血灌瞳神
头痛,血灌瞳神
血灌瞳神,畏光
血灌瞳神,便秘
血灌瞳神,口苦
血灌瞳神,目胀
畏光,目胀
目痛,梦遗
目痛,汗出
目痛,盗汗
视力疲劳,梦遗
视力疲劳,目眩
视力疲劳,汗出
视力疲劳,血灌瞳神
视力疲劳,盗汗
视力疲劳,眼出血
梦遗,目眩
梦遗,目赤
梦遗,目干
梦遗,血灌瞳神
梦遗,眼出血
腰酸,血灌瞳神
腰酸,眼出血
汗出,血灌瞳神
汗出,眼出血
目干,血灌瞳神
目干,眼出血
头晕,血灌瞳神
头晕,眼出血
血灌瞳神,发热
血灌瞳神,盗汗
发热,眼出血
盗汗,眼出血
目痛,面色不荣
目痛,便溏
视力疲劳,黑睛鲜红
视力疲劳,面色不荣
视力疲劳,便溏
目赤,乏力
目赤,面色不荣
目赤,便溏
不寐,黑睛鲜红
不寐,血灌瞳神
不寐,眼出血
黑睛鲜红,乏力
黑睛鲜红,面色不荣
黑睛鲜红,纳差
黑睛鲜红,便溏
血灌瞳神,乏力
血灌瞳神,面色不荣
血灌瞳神,纳差
血灌瞳神,便溏
乏力,眼出血
面色不荣,眼出血
纳差,眼出血
便溏,眼出血
目眩,白睛紫
黑睛鲜红,白睛紫
黑睛鲜红,眼睑肿胀
血灌瞳神,白睛紫
血灌瞳神,眼睑肿胀
白睛紫,眼睑肿胀
近视,不寐
近视,健忘
近视,乏力
近视,精神恍惚
阳痿,近视
阳痿,尿不利
阳痿,内障
腰酸,近视
腰酸,内障
近视,遗精
近视,尿不利
遗精,尿不利
遗精,内障
尿不利,内障
目痛,齿松
目痛,视物模糊
目痛,遗精
目痛,远视
咽干,齿松
咽干,远视
腰酸,齿松
腰酸,远视
汗出,齿松
汗出,远视
耳鸣,齿松
耳鸣,远视
齿松,口渴
齿松,视力受损
齿松,头晕
齿松,视物模糊
齿松,遗精
齿松,盗汗
齿松,远视
口渴,远视
视力受损,远视
头晕,远视
视物模糊,远视
遗精,远视
盗汗,远视
视力疲劳,手足发热
视力疲劳,视力受损
视力疲劳,下肢无力
视力疲劳,视物模糊
视力疲劳,面赤
视力疲劳,远视
手足发热,目赤
手足发热,下肢无力
手足发热,远视
目赤,下肢无力
目赤,远视
下肢无力,面赤
下肢无力,远视
面赤,远视
发热,远视
目痛,呼吸急促
目痛,纳差视物模糊
视力疲劳,呼吸急促
视力疲劳,头痛
视力疲劳,纳差视物模糊
视力疲劳,心悸
不寐,纳差视物模糊
不寐,远视
视力受损,纳差视物模糊
呼吸急促,纳差视物模糊
呼吸急促,远视
头晕,纳差视物模糊
头痛,纳差视物模糊
头痛,远视
乏力,纳差视物模糊
乏力,远视
面色不荣,纳差视物模糊
面色不荣,远视
纳差视物模糊,心悸
纳差视物模糊,远视
心悸,远视
近视,肢冷
近视,远视
近视,形寒
视力受损,形寒
肢冷,远视
视物模糊,形寒
远视,形寒
咽干,口眼歪斜
咽干,手足颤动
咽干,手足蠕动
咽干,颤抖
咽干,啮齿
汗出,手足颤动
汗出,颤抖
汗出,啮齿
口眼歪斜,口渴
口眼歪斜,手足颤动
口眼歪斜,面赤
口眼歪斜,手足蠕动
口眼歪斜,面色不荣
口眼歪斜,颤抖
口眼歪斜,发热
口眼歪斜,啮齿
口眼歪斜,盗汗
口渴,手足颤动
口渴,颤抖
手足颤动,手足蠕动
手足颤动,面色不荣
手足颤动,啮齿
手足颤动,盗汗
面赤,手足蠕动
面赤,啮齿
手足蠕动,面色不荣
手足蠕动,颤抖
手足蠕动,啮齿
手足蠕动,抽搐
手足蠕动,盗汗
面色不荣,颤抖
面色不荣,啮齿
颤抖,啮齿
颤抖,盗汗
啮齿,抽搐
啮齿,盗汗
抽搐,盗汗
情绪不稳,远视
腰酸,目胀
近视,口渴
近视,目干
近视,头痛
近视,目胀
烦躁,远视
目干,远视
目干,目胀
远视,目胀
视物模糊,目胀
少气,远视
健忘,远视
远视,少言
目痛,唇色白
目痛,面白
目痛,黑睛凝脂
目赤,黑睛凝脂
流泪,黑睛凝脂
黑睛星翳,头痛
黑睛星翳,黑睛凝脂
头痛,黑睛凝脂
畏光,黑睛凝脂
目痛,腰部无力
目痛,云雾移睛
目痛,膝无力
目眩,腰部无力
目眩,云雾移睛
目眩,膝无力
梦遗,腰部无力
梦遗,云雾移睛
梦遗,膝无力
腰部无力,耳鸣
腰部无力,云雾移睛
腰部无力,视力受损
腰部无力,目干
腰部无力,头晕
腰部无力,膝无力
腰部无力,视物模糊
耳鸣,云雾移睛
耳鸣,膝无力
云雾移睛,视力受损
云雾移睛,头晕
云雾移睛,膝无力
云雾移睛,视物模糊
视力受损,膝无力
目干,膝无力
头晕,膝无力
膝无力,视物模糊
目痛,飞蚊症
目痛,少言
不寐,飞蚊症
不寐,云雾移睛
飞蚊症,云雾移睛
飞蚊症,视力受损
飞蚊症,呼吸急促
飞蚊症,目干
飞蚊症,面色不荣
飞蚊症,心悸
飞蚊症,少言
云雾移睛,呼吸急促
云雾移睛,面色不荣
云雾移睛,心悸
云雾移睛,少言
目干,少言
头昏沉,飞蚊症
头昏沉,云雾移睛
头昏沉,目沉
飞蚊症,咳嗽
飞蚊症,咳痰
飞蚊症,乏力
飞蚊症,纳差
飞蚊症,胸闷
飞蚊症,目沉
飞蚊症,便溏
咳嗽,云雾移睛
咳嗽,目沉
云雾移睛,咳痰
云雾移睛,乏力
云雾移睛,纳差
云雾移睛,胸闷
云雾移睛,目沉
云雾移睛,便溏
咳痰,目沉
视力受损,目沉
乏力,目沉
纳差,目沉
胸闷,目沉
目沉,便溏
目痛,尿短
情绪不稳,飞蚊症
情绪不稳,云雾移睛
目眩,飞蚊症
目眩,尿短
目赤,飞蚊症
飞蚊症,烦躁
飞蚊症,瞳神缩小
飞蚊症,头痛
飞蚊症,畏光
飞蚊症,尿黄
飞蚊症,尿短
飞蚊症,口苦
云雾移睛,烦躁
云雾移睛,瞳神缩小
云雾移睛,头痛
云雾移睛,畏光
云雾移睛,尿黄
云雾移睛,尿短
云雾移睛,口苦
瞳神缩小,头痛
瞳神缩小,尿黄
瞳神缩小,尿短
汗出,口噤
汗出,不能平卧
腹胀,口噤
腹胀,角弓反张
腹胀,不能平卧
腹胀,啮齿
口噤,喜冷
口噤,欲饮
口噤,不能平卧
口噤,啮齿
喜冷,欲饮
喜冷,角弓反张
喜冷,不能平卧
喜冷,抽搐
欲饮,角弓反张
欲饮,不能平卧
欲饮,啮齿
欲饮,抽搐
角弓反张,不能平卧
角弓反张,啮齿
口渴,不能平卧
不能平卧,发热
不能平卧,便秘
不能平卧,啮齿
不能平卧,抽搐
目眩,气怯
目眩,失明
目眩,少言
视力疲劳,气怯
视力疲劳,失明
视力疲劳,少言
气怯,失明
气怯,少言
失明,乏力
失明,纳差
失明,少言
失明,面白
目眩,复视
目眩,瞳神淡白色
复视,耳鸣
复视,下肢痛
复视,肢体痛
复视,四肢痛
复视,腰痛
复视,瞳神淡白色
耳鸣,瞳神淡白色
下肢痛,瞳神淡白色
视力受损,瞳神淡白色
头晕,瞳神淡白色
肢体痛,瞳神淡白色
四肢痛,瞳神淡白色
视物模糊,瞳神淡白色
腰痛,瞳神淡白色
情绪不稳,失明
咽干,飞蚊症
咽干,失明
不寐,失明
飞蚊症,失明
烦躁,失明
视力受损,失明
失明,口苦
目眩,白翳
目眩,瞳神混浊
白翳,瞳神混浊
眼外伤,目眩
眼外伤,瞳神混浊
黑睛溃烂,目痒
黑睛溃烂,视力受损
黑睛溃烂,目干
黑睛溃烂,头晕
黑睛溃烂,目眨
黑睛溃烂,心悸
黑睛溃烂,视物模糊
目痒,头晕
目痒,心悸
夜盲,视力受损
夜盲,黑睛星翳
夜盲,头晕
夜盲,心悸
夜盲,视物模糊
黑睛星翳,目眨
黑睛星翳,心悸
畏光,心悸
目眨,心悸
情绪不稳,夜盲
情绪不稳,下肢无力
情绪不稳,视野狭窄
不寐,夜盲
不寐,视野狭窄
夜盲,烦躁
夜盲,口渴
夜盲,下肢无力
夜盲,遗精
夜盲,视野狭窄
夜盲,肢体痛
夜盲,腰痛
烦躁,下肢无力
烦躁,视野狭窄
视力受损,视野狭窄
口渴,视野狭窄
目干,视野狭窄
头晕,视野狭窄
下肢无力,遗精
下肢无力,视野狭窄
遗精,视野狭窄
视野狭窄,肢体痛
视野狭窄,腰痛
少气,夜盲
少气,视野狭窄
少言,夜盲
少言,视野狭窄
乏力,视野狭窄
视野狭窄,视物模糊
阳痿,腹泻
阳痿,夜盲
阳痿,尿不尽
阳痿,视野狭窄
阳痿,形寒
腹泻,近视
腹泻,早泄
腹泻,尿不尽
腹泻,视野狭窄
腰酸,夜盲
腰酸,视野狭窄
近视,早泄
近视,夜盲
近视,尿不尽
近视,视野狭窄
近视,尿清
早泄,夜盲
早泄,尿不尽
早泄,视野狭窄
早泄,形寒
夜盲,尿不尽
夜盲,肢冷
夜盲,尿清
夜盲,形寒
视力受损,尿不尽
视力受损,尿清
尿不尽,视野狭窄
尿不尽,尿清
尿不尽,视物模糊
尿不尽,形寒
肢冷,视野狭窄
视野狭窄,尿清
视野狭窄,形寒
尿清,视物模糊
汗出,视野狭窄
自汗,夜盲
自汗,视野狭窄
夜盲,呼吸急促
夜盲,面白
呼吸急促,视野狭窄
视野狭窄,心悸
视野狭窄,面白
叹息,胁胀
叹息,神情呆滞
叹息,善太息
叹息,头晕
叹息,纳差
叹息,胸闷
叹息,口苦
神情呆滞,口苦
情绪不稳,项背僵直
情绪不稳,肢体强直
情绪不稳,双眼无光感
情绪不稳,青盲
情绪不稳,透现风关
情绪不稳,透视气关
项背僵直,瘫痪
项背僵直,耳聋
项背僵直,肢体强直
项背僵直,烦躁
项背僵直,半身不遂
项背僵直,双眼无光感
项背僵直,瞳神散大
项背僵直,青盲
项背僵直,多语
项背僵直,透现风关
项背僵直,啮齿
项背僵直,透视气关
瘫痪,耳聋
瘫痪,肢体强直
瘫痪,口噤
瘫痪,双眼无光感
瘫痪,瞳神散大
瘫痪,青盲
瘫痪,指纹紫
瘫痪,多语
瘫痪,透现风关
瘫痪,啮齿
瘫痪,透视气关
耳聋,口噤
耳聋,半身不遂
耳聋,双眼无光感
耳聋,瞳神散大
耳聋,青盲
耳聋,指纹紫
耳聋,多语
耳聋,透现风关
耳聋,啮齿
耳聋,透视气关
肢体强直,口噤
肢体强直,烦躁
肢体强直,半身不遂
肢体强直,双眼无光感
肢体强直,瞳神散大
肢体强直,青盲
肢体强直,指纹紫
肢体强直,多语
肢体强直,透现风关
肢体强直,啮齿
肢体强直,透视气关
口噤,半身不遂
口噤,双眼无光感
口噤,瞳神散大
口噤,青盲
口噤,指纹紫
口噤,多语
口噤,透现风关
口噤,透视气关
烦躁,双眼无光感
烦躁,青盲
烦躁,透现风关
烦躁,透视气关
半身不遂,双眼无光感
半身不遂,瞳神散大
半身不遂,青盲
半身不遂,指纹紫
半身不遂,多语
半身不遂,透现风关
半身不遂,啮齿
半身不遂,透视气关
双眼无光感,瞳神散大
双眼无光感,青盲
双眼无光感,指纹紫
双眼无光感,多语
双眼无光感,透现风关
双眼无光感,啮齿
双眼无光感,透视气关
瞳神散大,青盲
瞳神散大,指纹紫
瞳神散大,多语
瞳神散大,透现风关
瞳神散大,啮齿
瞳神散大,透视气关
青盲,指纹紫
青盲,多语
青盲,透现风关
青盲,啮齿
青盲,透视气关
指纹紫,多语
指纹紫,透现风关
指纹紫,啮齿
指纹紫,透视气关
多语,透现风关
多语,啮齿
多语,透视气关
透现风关,啮齿
透现风关,透视气关
啮齿,透视气关
情绪不稳,肢体颤抖
瘫痪,肢体颤抖
瘫痪,视力受损
瘫痪,视物模糊
肢体颤抖,烦躁
肢体颤抖,视力受损
肢体颤抖,半身不遂
肢体颤抖,瞳神散大
肢体颤抖,青盲
肢体颤抖,颤抖
肢体颤抖,视物模糊
视力受损,半身不遂
视力受损,青盲
视力受损,颤抖
半身不遂,视物模糊
瞳神散大,颤抖
青盲,颤抖
青盲,视物模糊
颤抖,视物模糊
目闭,呼吸急促
目闭,青盲
目闭,大便多
目闭,便溏
目闭,消化不良
目闭,肢体痿弱
呼吸急促,青盲
呼吸急促,大便多
呼吸急促,消化不良
呼吸急促,肢体痿弱
青盲,大便多
青盲,纳差
青盲,面黄
青盲,便溏
青盲,消化不良
青盲,肢体痿弱
大便多,面黄
大便多,便溏
大便多,消化不良
大便多,肢体痿弱
纳差,肢体痿弱
面黄,消化不良
面黄,肢体痿弱
便溏,消化不良
消化不良,肢体痿弱
咽干,智力低下
咽干,足无力
咽干,青盲
情绪不稳,足无力
情绪不稳,手足颤动
智力低下,烦躁
智力低下,足无力
智力低下,口渴
智力低下,青盲
智力低下,目干
智力低下,颤抖
智力低下,尿频
智力低下,手足颤动
不寐,足无力
不寐,青盲
烦躁,足无力
烦躁,手足颤动
足无力,口渴
足无力,青盲
足无力,目干
足无力,颤抖
足无力,尿频
足无力,手足颤动
口渴,青盲
青盲,目干
青盲,尿频
青盲,手足颤动
目干,颤抖
目干,尿频
目干,手足颤动
颤抖,尿频
尿频,手足颤动
目痛,青盲
青盲,头痛
无汗,颤抖
颤抖,肢体痛
口淡,颤抖
口淡,尿清
不喜饮,颤抖
肢冷,颤抖
颤抖,尿清
肢冷,便秘
尿黄,颤抖
颤抖,尿短
颤抖,便秘
皮肤红肿,谵语
皮肤红肿,昏迷
皮肤红肿,颤抖
皮肤红肿,尿短
皮肤红肿,意识障碍
谵语,颤抖
善太息,呼吸急促
欲饮,乏力
欲饮,颤抖
欲饮,呵欠
头痛,呵欠
恶寒,呵欠
面赤,呵欠
乏力,呵欠
颤抖,呵欠
肢体痛,呵欠
梦遗,消瘦
梦遗,面赤
梦遗,月经不调
汗出,滑精
消瘦,滑精
滑精,面赤
滑精,月经不调
滑精,发热
滑精,盗汗
口粘,盗汗
头痛,盗汗
汗出,胁胀
胁胀,发热
胁胀,盗汗
呕吐,盗汗
盗汗,口苦
肢体痛,咽痒
肢体沉重,无汗
肢体沉重,恶寒
肢体沉重,头胀
肢体沉重,发热
肢体沉重,肢体痛
无汗,头胀
肢冷,关节肿胀
恶寒,关节肿胀
关节肿胀,发热
呼吸微弱,晕厥
呼吸微弱,怠惰
晕厥,汗出
晕厥,怠惰
晕厥,昏迷
晕厥,肢冷
晕厥,乏力
晕厥,意识障碍
晕厥,面白
汗出,怠惰
怠惰,昏迷
怠惰,肢冷
怠惰,乏力
怠惰,意识障碍
怠惰,面白
耳鸣,五软
耳鸣,阳痿
耳鸣,骨痛
耳鸣,反应迟钝
耳鸣,骨骼变形
耳鸣,抽搐
耳鸣,易惊
五软,盗汗
五软,阳痿
五软,智力低下
五软,腰酸
五软,骨痛
五软,发少
五软,反应迟钝
五软,骨骼变形
五软,齿松
五软,关节痛
五软,汗出
五软,耳聋
五软,发育迟缓
五软,活动不利
五软,健忘
五软,遗精
五软,抽搐
五软,易惊
五软,肢体痛
盗汗,阳痿
盗汗,骨痛
盗汗,反应迟钝
盗汗,骨骼变形
阳痿,骨痛
阳痿,发少
阳痿,反应迟钝
阳痿,骨骼变形
阳痿,齿松
阳痿,关节痛
阳痿,发育迟缓
阳痿,活动不利
阳痿,易惊
阳痿,肢体痛
智力低下,骨痛
智力低下,骨骼变形
智力低下,齿松
智力低下,关节痛
智力低下,易惊
智力低下,肢体痛
腰酸,骨痛
腰酸,反应迟钝
腰酸,骨骼变形
腰酸,活动不利
腰酸,易惊
骨痛,发少
骨痛,反应迟钝
骨痛,骨骼变形
骨痛,齿松
骨痛,关节痛
骨痛,汗出
骨痛,耳聋
骨痛,发育迟缓
骨痛,活动不利
骨痛,健忘
骨痛,遗精
骨痛,抽搐
骨痛,易惊
骨痛,肢体痛
发少,反应迟钝
发少,骨骼变形
发少,齿松
发少,耳聋
发少,发育迟缓
发少,活动不利
发少,健忘
发少,抽搐
发少,易惊
反应迟钝,骨骼变形
反应迟钝,齿松
反应迟钝,关节痛
反应迟钝,汗出
反应迟钝,发育迟缓
反应迟钝,健忘
反应迟钝,遗精
反应迟钝,抽搐
反应迟钝,易惊
反应迟钝,肢体痛
骨骼变形,齿松
骨骼变形,关节痛
骨骼变形,汗出
骨骼变形,耳聋
骨骼变形,发育迟缓
骨骼变形,健忘
骨骼变形,遗精
骨骼变形,抽搐
骨骼变形,易惊
骨骼变形,肢体痛
齿松,关节痛
齿松,耳聋
齿松,发育迟缓
齿松,活动不利
齿松,健忘
齿松,抽搐
齿松,易惊
齿松,肢体痛
关节痛,耳聋
关节痛,发育迟缓
关节痛,健忘
关节痛,遗精
关节痛,易惊
耳聋,抽搐
耳聋,易惊
发育迟缓,健忘
发育迟缓,遗精
发育迟缓,抽搐
发育迟缓,易惊
发育迟缓,肢体痛
活动不利,健忘
活动不利,遗精
活动不利,易惊
健忘,肢体痛
易惊,肢体痛
腹泻,肢肿
腹泻,骨骼变形
腹泻,关节痛
腹泻,活动不利
腹泻,少言
腹泻,少气
腹泻,肢体痛
肢肿,口淡
肢肿,腹痛
肢肿,自汗
肢肿,骨骼变形
肢肿,关节痛
肢肿,肠鸣
肢肿,活动不利
肢肿,少言
肢肿,少气
肢肿,尿频
肢肿,肢体痛
肢肿,面白
口淡,自汗
口淡,骨骼变形
口淡,关节痛
口淡,汗出
口淡,肠鸣
口淡,活动不利
口淡,少言
口淡,少气
口淡,下肢无力
口淡,尿频
腹痛,骨骼变形
腹痛,活动不利
腹痛,少气
自汗,骨骼变形
自汗,关节痛
自汗,肠鸣
自汗,下肢无力
自汗,尿频
浮肿,骨骼变形
浮肿,关节痛
浮肿,肠鸣
浮肿,少气
乏力,肠鸣
便溏,关节痛
便溏,肠鸣
骨骼变形,肠鸣
骨骼变形,少言
骨骼变形,少气
骨骼变形,下肢无力
关节痛,肠鸣
关节痛,少言
关节痛,少气
关节痛,尿频
肠鸣,活动不利
肠鸣,少言
肠鸣,少气
肠鸣,下肢无力
肠鸣,尿频
肠鸣,肢体痛
活动不利,少言
活动不利,少气
活动不利,下肢无力
少言,肢体痛
少气,下肢无力
少气,尿频
少气,肢体痛
肢体麻木,不能屈伸
肢体麻木,关节黯黑
肢体麻木,关节变形
肢体麻木,关节痛
肢体麻木,关节僵硬
肢体麻木,关节不利
不能屈伸,关节黯黑
不能屈伸,关节变形
不能屈伸,关节痛
不能屈伸,肢体痛
不能屈伸,感觉异常
不能屈伸,关节僵硬
不能屈伸,关节不利
关节黯黑,关节变形
关节黯黑,关节痛
关节黯黑,肢体痛
关节黯黑,感觉异常
关节黯黑,关节僵硬
关节黯黑,关节不利
关节变形,感觉异常
关节变形,关节僵硬
关节变形,关节不利
关节痛,关节僵硬
肢体痛,关节僵硬
感觉异常,关节僵硬
感觉异常,关节不利
言语不利,瘫痪
言语不利,昏迷
言语不利,关节痛
言语不利,半身不遂
言语不利,恶寒
言语不利,肢体拘急
言语不利,皮肤麻木
言语不利,感觉异常
言语不利,意识障碍
瘫痪,昏迷
瘫痪,关节痛
瘫痪,肢体拘急
瘫痪,发热
瘫痪,皮肤麻木
瘫痪,意识障碍
口眼歪斜,昏迷
口眼歪斜,关节痛
口眼歪斜,半身不遂
口眼歪斜,肢体拘急
口眼歪斜,皮肤麻木
口眼歪斜,肢体痛
口眼歪斜,感觉异常
口眼歪斜,意识障碍
昏迷,半身不遂
昏迷,肢体拘急
昏迷,皮肤麻木
关节痛,半身不遂
关节痛,肢体拘急
半身不遂,肢体拘急
半身不遂,发热
半身不遂,皮肤麻木
半身不遂,意识障碍
头痛,肢体拘急
恶寒,肢体拘急
肢体拘急,发热
肢体拘急,皮肤麻木
肢体拘急,肢体痛
肢体拘急,感觉异常
肢体拘急,意识障碍
皮肤麻木,意识障碍
情绪不稳,口眼歪斜
目眩,瘫痪
目眩,口眼歪斜
目眩,半身不遂
目赤,瘫痪
目赤,口眼歪斜
目赤,半身不遂
目赤,呕吐
瘫痪,耳鸣
瘫痪,呕吐
瘫痪,面赤
耳鸣,口眼歪斜
耳鸣,半身不遂
耳鸣,呕吐
耳鸣,意识障碍
口眼歪斜,烦躁
半身不遂,呕吐
半身不遂,面赤
情绪不稳,两手握固
喉中有痰,目赤
喉中有痰,瘫痪
喉中有痰,口眼歪斜
喉中有痰,半身不遂
喉中有痰,面赤
喉中有痰,两手握固
目赤,口噤
目赤,气喘
目赤,两手握固
瘫痪,气喘
瘫痪,两手握固
口眼歪斜,口噤
口眼歪斜,气喘
口眼歪斜,两手握固
口噤,两手握固
烦躁,两手握固
昏迷,两手握固
半身不遂,气喘
半身不遂,两手握固
面赤,两手握固
气喘,两手握固
两手握固,意识障碍
静而不烦,唇紫
静而不烦,足冷
静而不烦,瘫痪
静而不烦,咳嗽
静而不烦,口噤
静而不烦,咳痰
静而不烦,昏迷
静而不烦,半身不遂
静而不烦,手冷
静而不烦,嗜睡
静而不烦,面浮肿
静而不烦,两手握固
静而不烦,意识障碍
静而不烦,昏睡
静而不烦,面白
唇紫,瘫痪
唇紫,咳嗽
唇紫,口噤
唇紫,咳痰
唇紫,昏迷
唇紫,半身不遂
唇紫,嗜睡
唇紫,面浮肿
唇紫,两手握固
唇紫,意识障碍
唇紫,昏睡
足冷,瘫痪
足冷,咳嗽
足冷,口噤
足冷,咳痰
足冷,昏迷
足冷,半身不遂
足冷,两手握固
瘫痪,咳嗽
瘫痪,咳痰
瘫痪,手冷
瘫痪,嗜睡
瘫痪,面浮肿
瘫痪,昏睡
瘫痪,面白
咳嗽,半身不遂
咳嗽,手冷
咳嗽,面浮肿
咳嗽,两手握固
咳嗽,昏睡
口噤,手冷
口噤,嗜睡
口噤,面浮肿
口噤,面白
咳痰,半身不遂
咳痰,手冷
咳痰,嗜睡
咳痰,面浮肿
咳痰,两手握固
咳痰,昏睡
昏迷,手冷
昏迷,面浮肿
昏迷,昏睡
半身不遂,手冷
半身不遂,嗜睡
半身不遂,面浮肿
半身不遂,昏睡
半身不遂,面白
手冷,两手握固
嗜睡,面浮肿
嗜睡,两手握固
嗜睡,面白
面浮肿,两手握固
面浮肿,意识障碍
面浮肿,昏睡
两手握固,昏睡
两手握固,面白
昏睡,面白
鼻鼾息微,汗出
鼻鼾息微,瘫痪
鼻鼾息微,手撒
鼻鼾息微,昏迷
鼻鼾息微,口开不合
鼻鼾息微,半身不遂
鼻鼾息微,肢冷
鼻鼾息微,尿失禁
鼻鼾息微,目合
鼻鼾息微,冷汗
鼻鼾息微,意识障碍
鼻鼾息微,面白
汗出,瘫痪
汗出,半身不遂
汗出,目合
瘫痪,手撒
瘫痪,口开不合
瘫痪,肢冷
瘫痪,尿失禁
瘫痪,目合
瘫痪,冷汗
手撒,半身不遂
手撒,尿失禁
手撒,目合
昏迷,目合
口开不合,半身不遂
口开不合,尿失禁
口开不合,目合
半身不遂,肢冷
半身不遂,尿失禁
半身不遂,目合
半身不遂,冷汗
肢冷,尿失禁
肢冷,目合
尿失禁,目合
尿失禁,冷汗
目合,冷汗
目合,意识障碍
目合,面白
鼻鼾息微,足冷
鼻鼾息微,热结旁流
鼻鼾息微,口眼歪斜
鼻鼾息微,手冷
足冷,热结旁流
足冷,手撒
足冷,口眼歪斜
足冷,口开不合
足冷,目合
热结旁流,瘫痪
热结旁流,手撒
热结旁流,口眼歪斜
热结旁流,昏迷
热结旁流,口开不合
热结旁流,半身不遂
热结旁流,手冷
热结旁流,尿失禁
热结旁流,目合
热结旁流,意识障碍
手撒,口眼歪斜
手撒,手冷
口眼歪斜,口开不合
口眼歪斜,手冷
口眼歪斜,尿失禁
口眼歪斜,目合
口开不合,手冷
手冷,目合
手肿,肢体痛
手肿,瘫痪
手肿,半身不遂
手肿,皮肤麻木
手肿,上肢屈曲
手肿,感觉异常
手肿,面白
肢体痛,上肢屈曲
肢体痛,足肿
瘫痪,消瘦
瘫痪,上肢屈曲
瘫痪,足肿
消瘦,半身不遂
消瘦,皮肤麻木
消瘦,上肢屈曲
消瘦,感觉异常
半身不遂,上肢屈曲
半身不遂,足肿
皮肤麻木,上肢屈曲
皮肤麻木,足肿
上肢屈曲,足肿
上肢屈曲,感觉异常
上肢屈曲,面白
足肿,感觉异常
足肿,面白
晕厥,不寐
晕厥,视力受损
晕厥,唇色白
晕厥,头晕
晕厥,月经不调
晕厥,面黄
晕厥,心悸
晕厥,视物模糊
唇色白,月经不调
月经不调,面白
目眩,智力低下
目眩,言语不利
目眩,神情呆滞
目眩,齿松
目眩,下肢无力
目眩,如癲如痴
智力低下,瘫痪
智力低下,半身不遂
智力低下,下肢无力
智力低下,如癲如痴
腰酸,瘫痪
腰酸,言语不利
腰酸,神情呆滞
腰酸,半身不遂
腰酸,如癲如痴
瘫痪,发少
瘫痪,神情呆滞
瘫痪,齿松
瘫痪,健忘
瘫痪,下肢无力
瘫痪,如癲如痴
言语不利,耳鸣
言语不利,齿松
言语不利,健忘
言语不利,下肢无力
言语不利,如癲如痴
发少,半身不遂
发少,如癲如痴
耳鸣,神情呆滞
耳鸣,如癲如痴
神情呆滞,齿松
神情呆滞,半身不遂
神情呆滞,下肢无力
神情呆滞,如癲如痴
齿松,半身不遂
齿松,下肢无力
齿松,如癲如痴
齿松,面白
半身不遂,健忘
半身不遂,下肢无力
半身不遂,如癲如痴
健忘,下肢无力
健忘,如癲如痴
健忘,面白
下肢无力,如癲如痴
头晕,如癲如痴
如癲如痴,面白
精神失常,汗出
精神失常,目赤
精神失常,腹胀
精神失常,口噤
精神失常,欲饮
精神失常,角弓反张
精神失常,口渴
精神失常,恶热
精神失常,啮齿
精神失常,抽搐
精神失常,手脚抽搐
汗出,恶热
汗出,手脚抽搐
目赤,角弓反张
目赤,手脚抽搐
腹胀,恶热
腹胀,手脚抽搐
口噤,恶热
口噤,手脚抽搐
欲饮,恶热
欲饮,手脚抽搐
角弓反张,面赤
角弓反张,恶热
角弓反张,手脚抽搐
口渴,手脚抽搐
面赤,恶热
面赤,手脚抽搐
恶热,发热
恶热,啮齿
恶热,抽搐
恶热,手脚抽搐
发热,手脚抽搐
便秘,手脚抽搐
啮齿,手脚抽搐
情绪不稳,精神失常
精神失常,不喜饮
精神失常,不寐
精神失常,皮疹
精神失常,烦躁
不喜饮,口噤
不喜饮,角弓反张
不寐,口噤
不寐,角弓反张
皮疹,口噤
皮疹,角弓反张
自汗,角弓反张
视力受损,角弓反张
角弓反张,呼吸急促
角弓反张,头晕
角弓反张,乏力
角弓反张,心悸
角弓反张,面色不荣
角弓反张,盗汗
角弓反张,视物模糊
颜面肌肉痉挛,苦笑面容
颜面肌肉痉挛,口噤
颜面肌肉痉挛,角弓反张
颜面肌肉痉挛,头痛
颜面肌肉痉挛,恶寒
颜面肌肉痉挛,发热
浮肿,肢体肿
尿少,关节痛
尿少,眼睑肿胀
尿少,肢体肿
关节痛,眼睑肿胀
关节痛,肢体肿
恶寒,肢体肿
发热,肢体肿
肢体痛,眼睑肿胀
肢体痛,肢体肿
眼睑肿胀,肢体肿
咽痛,尿少
咽痛,眼睑肿胀
咳嗽,尿少
咳嗽,眼睑肿胀
尿黄,眼睑肿胀
口淡,尿少
尿清,胸闷
晕厥,气粗
晕厥,唇紫
晕厥,双手握固
晕厥,口噤
晕厥,面赤
气粗,唇紫
气粗,双手握固
唇紫,双手握固
唇紫,面赤
双手握固,口噤
双手握固,昏迷
双手握固,面赤
双手握固,意识障碍
浮肿,阴冷
浮肿,腿沉重
浮肿,腰部沉重
腰酸,阴冷
腰酸,腿沉重
腰酸,腰部沉重
尿少,腿沉重
尿少,腰部沉重
阴冷,恶寒
阴冷,腿沉重
阴冷,腰部沉重
肢冷,腿沉重
肢冷,腰部沉重
恶寒,腿沉重
恶寒,腰部沉重
腿沉重,尿清
腿沉重,腰部沉重
尿清,腰部沉重
脘痞,肢体沉重
脘痞,善食
脘痞,恶热
脘痞,多食
肥胖,肢体沉重
肥胖,善食
肥胖,恶热
肥胖,多食
咳嗽,肢体沉重
咳嗽,善食
咳嗽,恶热
咳嗽,多食
肢体沉重,咳痰
肢体沉重,善食
肢体沉重,乏力
肢体沉重,恶热
肢体沉重,多食
肢体沉重,胸闷
咳痰,善食
咳痰,恶热
咳痰,多食
善食,乏力
善食,恶热
善食,多食
善食,胸闷
乏力,恶热
乏力,多食
恶热,多食
恶热,胸闷
多食,胸闷
汗出,肥胖
肥胖,嗜卧
肥胖,恶寒
少气,嗜卧
少气,恶寒
嗜卧,恶寒
情绪不稳,多食
消瘦,喜冷
消瘦,尿短
烦躁,多食
尿黄,多食
尿短,多食
目赤,性急
目赤,消瘦
性急,消瘦
性急,视力受损
性急,口苦
性急,头晕
性急,尿短
性急,视物模糊
胃脘嘈杂,面黄
胃脘嘈杂,便溏
情绪不稳,晕厥
情绪不稳,眩仆不语
情绪不稳,四肢颤抖
晕厥,目赤
晕厥,烦躁
晕厥,口渴
晕厥,眩仆不语
晕厥,四肢颤抖
晕厥,颤抖
晕厥,发热
目赤,眩仆不语
目赤,四肢颤抖
目赤,颤抖
烦躁,眩仆不语
烦躁,四肢颤抖
视力受损,眩仆不语
视力受损,四肢颤抖
口渴,眩仆不语
口渴,四肢颤抖
眩仆不语,头晕
眩仆不语,四肢颤抖
眩仆不语,面赤
眩仆不语,颤抖
眩仆不语,发热
眩仆不语,视物模糊
头晕,四肢颤抖
四肢颤抖,面赤
四肢颤抖,颤抖
四肢颤抖,发热
四肢颤抖,视物模糊
情绪不稳,少气
情绪不稳,少言
少气,烦躁
少气,口渴
少气,面垢
烦躁,少言
面垢,便溏
面垢,少言
尿少,少言
口苦,少言
不寐,四肢麻木
声低,唇甲淡白
少气,唇甲淡白
四肢麻木,自汗
四肢麻木,唇甲淡白
自汗,感觉异常
唇甲淡白,乏力
唇甲淡白,面色不荣
唇甲淡白,感觉异常
唇甲淡白,少言
唇甲淡白,面白
指纹暗,发黄
不食,发黄
口渴,发黄
多饮,发黄
黄疸,发黄
心中懊𢙐,发黄
大便色灰,发黄
尿黄,发黄
发热,发黄
便秘,发黄
厌油,发黄
恶心,发黄
目黄,发黄
发黄,指纹紫
发黄,呕吐
发黄,尿短
发黄,腹胀
肢冷,发黄
尿不利,发黄
便溏,发黄
形寒,发黄
嗜睡,发黄
嗜卧,发黄
大便色白,发黄
意识障碍,发黄
脘痞,发黄
指纹红,发黄
情绪不稳,发黄
牙龈出血,谵语
牙龈出血,昏迷
牙龈出血,发黄
牙龈出血,黄疸
牙龈出血,皮肤干燥
牙龈出血,意识障碍
呕血,鼻衄
呕血,发黄
呕血,黄疸
呕血,皮肤干燥
皮疹,发黄
皮疹,黄疸
谵语,便血
谵语,鼻衄
谵语,发黄
谵语,黄疸
谵语,皮肤干燥
昏迷,鼻衄
昏迷,发黄
昏迷,黄疸
烦躁,发黄
便血,发黄
便血,黄疸
便血,皮肤干燥
鼻衄,发黄
鼻衄,黄疸
鼻衄,皮肤干燥
鼻衄,意识障碍
发黄,皮肤斑块
发黄,皮肤干燥
皮肤斑块,黄疸
黄疸,皮肤干燥
腹痛,尿自利
腹痛,发黄
腹痛,胁下痞块
腹痛,黄疸
腹痛,皮肤蛛纹丝缕
腹痛,面黑
面青,便血
面青,尿自利
面青,发黄
面青,黄疸
面青,皮肤蛛纹丝缕
面青,肢体痛
面青,面黑
便血,尿自利
便血,胁下痞块
便血,皮肤蛛纹丝缕
尿自利,发黄
尿自利,胁下痞块
尿自利,黄疸
尿自利,皮肤蛛纹丝缕
尿自利,发热
尿自利,肢体痛
尿自利,面黑
发黄,胁下痞块
发黄,皮肤蛛纹丝缕
发黄,肢体痛
发黄,面黑
胁下痞块,黄疸
胁下痞块,皮肤蛛纹丝缕
胁下痞块,肢体痛
胁下痞块,面黑
黄疸,皮肤蛛纹丝缕
黄疸,肢体痛
黄疸,面黑
皮肤蛛纹丝缕,发热
皮肤蛛纹丝缕,肢体痛
皮肤蛛纹丝缕,面黑
发热,面黑
肢体痛,面黑
不寐,发黄
不寐,爪甲枯
不寐,黄疸
发黄,头晕
发黄,爪甲枯
发黄,爪甲薄
头晕,爪甲枯
头晕,黄疸
爪甲枯,黄疸
爪甲枯,乏力
爪甲枯,心悸
黄疸,爪甲薄
黄疸,心悸
乏力,爪甲薄
闭经,四肢麻木
闭经,皮肤色黑
闭经,乳汁不行
闭经,感觉异常
闭经,肢软
闭经,无乳
情绪不稳,皮肤色黑
情绪不稳,乳汁不行
情绪不稳,无乳
腰酸,四肢麻木
腰酸,皮肤色黑
腰酸,乳汁不行
腰酸,感觉异常
腰酸,肢软
腰酸,无乳
不寐,乳汁不行
不寐,无乳
发少,皮肤色黑
发少,乳汁不行
发少,肢软
发少,无乳
四肢麻木,皮肤色黑
四肢麻木,乳汁不行
四肢麻木,月经过少
四肢麻木,肢软
四肢麻木,无乳
耳鸣,皮肤色黑
耳鸣,无乳
皮肤色黑,乳汁不行
皮肤色黑,烦躁
皮肤色黑,头晕
皮肤色黑,乏力
皮肤色黑,感觉异常
皮肤色黑,月经过少
皮肤色黑,肢软
皮肤色黑,无乳
乳汁不行,烦躁
乳汁不行,感觉异常
乳汁不行,月经过少
乳汁不行,肢软
乳汁不行,无乳
烦躁,无乳
头晕,无乳
乏力,无乳
感觉异常,月经过少
感觉异常,肢软
感觉异常,无乳
月经过少,肢软
月经过少,无乳
肢软,无乳
闭经,腹泻
闭经,阳痿
闭经,恶寒
腹泻,发少
腹泻,性欲低下
腹泻,皮肤色黑
阳痿,腹痛
阳痿,性欲低下
阳痿,皮肤色黑
阳痿,消瘦
阳痿,纳差
腹痛,发少
腹痛,性欲低下
腹痛,皮肤色黑
腰酸,性欲低下
发少,性欲低下
发少,恶寒
性欲低下,皮肤色黑
性欲低下,消瘦
性欲低下,肢冷
性欲低下,恶寒
性欲低下,乏力
性欲低下,纳差
性欲低下,面白
皮肤色黑,消瘦
皮肤色黑,肢冷
皮肤色黑,恶寒
皮肤色黑,纳差
皮肤色黑,面白
头昏沉,喉中有痰
头昏沉,晕厥
头昏沉,打鼾
喉中有痰,晕厥
喉中有痰,肢冷
喉中有痰,头晕
喉中有痰,乏力
喉中有痰,口流清涎
喉中有痰,嗜睡
晕厥,打鼾
晕厥,口流清涎
晕厥,嗜睡
打鼾,昏迷
打鼾,肢冷
打鼾,头晕
打鼾,口流清涎
打鼾,意识障碍
打鼾,嗜睡
闭经,乳房萎缩
发少,腹胀
发少,呼吸急促
发少,乳房萎缩
性欲低下,腹胀
性欲低下,呼吸急促
性欲低下,乳房萎缩
性欲低下,面黄
腹胀,乳房萎缩
呼吸急促,乳房萎缩
呼吸急促,月经过少
乳房萎缩,乏力
乳房萎缩,纳差
乳房萎缩,月经过少
乳房萎缩,面黄
皮肤溃烂,发少
皮肤溃烂,皮肤白屑
皮肤溃烂,感觉异常
皮肤溃烂,皮肤麻木
皮肤溃烂,目弦断裂
皮肤溃烂,唇翻
皮肤溃烂,鼻梁塌陷
发少,皮肤红肿
发少,皮肤白屑
发少,目弦断裂
发少,唇翻
皮肤红肿,皮肤白屑
皮肤红肿,感觉异常
皮肤红肿,皮肤麻木
皮肤红肿,目弦断裂
皮肤红肿,唇翻
皮肤红肿,鼻梁塌陷
皮肤白屑,感觉异常
皮肤白屑,皮肤麻木
皮肤白屑,目弦断裂
皮肤白屑,唇翻
皮肤白屑,鼻梁塌陷
感觉异常,目弦断裂
感觉异常,唇翻
皮肤麻木,目弦断裂
皮肤麻木,唇翻
目弦断裂,唇翻
目弦断裂,鼻梁塌陷
唇翻,鼻梁塌陷
情绪不稳,妄听
智力低下,咳嗽
智力低下,善太息
智力低下,咳痰
智力低下,妄听
智力低下,胸胁满
咳嗽,善太息
咳嗽,妄听
咳嗽,胸胁满
善太息,咳痰
善太息,妄听
善太息,胸胁满
咳痰,妄听
咳痰,胸胁满
妄听,胸胁满
不寐,妄听
易惊,妄听
烦躁,妄听
言语错乱,尿黄
言语错乱,妄听
尿黄,妄听
面赤,妄听
妄听,便秘
妄听,心悸
咽干,恐惧
咽干,反应迟钝
咽干,抑郁
咽干,妄听
恐惧,汗出
恐惧,不寐
恐惧,易惊
恐惧,反应迟钝
恐惧,抑郁
恐惧,口渴
恐惧,发热
恐惧,妄听
恐惧,盗汗
汗出,抑郁
汗出,妄听
不寐,反应迟钝
反应迟钝,抑郁
反应迟钝,口渴
反应迟钝,发热
反应迟钝,妄听
抑郁,发热
抑郁,妄听
抑郁,盗汗
口渴,妄听
发热,妄听
妄听,盗汗
不寐,月经清稀
不寐,月经色淡
月经清稀,面色不荣
月经清稀,妄听
月经色淡,面色不荣
月经色淡,妄听
视力受损,妄听
头晕,妄听
乏力,妄听
面色不荣,妄听
妄听,月经过少
妄听,视物模糊
妄听,面白
汗出,胸胁满
谵语,妄听
谵语,口苦
谵语,胸胁满
呕吐,妄听
呕吐,胸胁满
妄听,口苦
目赤,谵语
目赤,肢冷
目赤,发斑
谵语,唇燥
肢冷,唇燥
唇燥,发斑
热结旁流,目赤
热结旁流,谵语
热结旁流,腹硬
热结旁流,尿黄
热结旁流,面赤
热结旁流,发热
热结旁流,便秘
热结旁流,腹胀
热结旁流,循衣摸床
目赤,腹硬
目赤,循衣摸床
谵语,腹硬
谵语,循衣摸床
腹硬,尿黄
腹硬,面赤
腹硬,发热
腹硬,便秘
腹硬,腹胀
腹硬,循衣摸床
腹硬,意识障碍
尿黄,循衣摸床
面赤,循衣摸床
发热,循衣摸床
便秘,循衣摸床
腹胀,循衣摸床
循衣摸床,意识障碍
丹毒,咽喉糜烂
丹毒,头肿大
丹毒,便血
丹毒,疮疡
丹毒,痰核流注
丹毒,面肿
丹毒,咽肿
皮疹,咽喉糜烂
皮疹,头肿大
皮疹,痰核流注
皮疹,面肿
咽喉糜烂,头肿大
咽喉糜烂,便血
咽喉糜烂,昏迷
咽喉糜烂,疮疡
咽喉糜烂,痰核流注
咽喉糜烂,意识障碍
咽喉糜烂,面肿
咽喉糜烂,咽肿
头肿大,便血
头肿大,昏迷
头肿大,疮疡
头肿大,痰核流注
头肿大,意识障碍
头肿大,咽肿
便血,疮疡
便血,痰核流注
便血,面肿
便血,咽肿
昏迷,痰核流注
疮疡,痰核流注
疮疡,面肿
痰核流注,发热
痰核流注,意识障碍
痰核流注,面肿
痰核流注,咽肿
面肿,咽肿
晕厥,口开不合
晕厥,冷汗
晕厥,气喘
晕厥,少语
汗出,少语
口噤,口开不合
口噤,肢冷
口噤,冷汗
口噤,少语
口开不合,面赤
口开不合,气喘
口开不合,发热
口开不合,少语
肢冷,气喘
肢冷,少语
冷汗,面赤
冷汗,气喘
冷汗,发热
冷汗,少语
面赤,少语
气喘,少语
发热,少语
少语,意识障碍
少语,面白
气粗,冷汗
气粗,面垢
气粗,尿短
昏迷,面垢
肢冷,面垢
冷汗,尿黄
冷汗,面垢
冷汗,尿短
尿黄,面垢
面垢,面赤
面垢,气喘
面垢,尿短
面垢,意识障碍
痢疾,不喜饮
痢疾,口粘
痢疾,腹胀
痢疾,昏迷
痢疾,胸胀
痢疾,口渴
痢疾,时明时昧
痢疾,黄疸
痢疾,乏力
痢疾,发热
痢疾,面黄
痢疾,口苦
痢疾,意识障碍
不喜饮,时明时昧
不喜饮,黄疸
口粘,昏迷
口粘,时明时昧
口粘,黄疸
口粘,面黄
口粘,意识障碍
腹胀,时明时昧
昏迷,时明时昧
昏迷,面黄
胸胀,时明时昧
胸胀,黄疸
胸胀,乏力
胸胀,面黄
胸胀,口苦
口渴,时明时昧
时明时昧,黄疸
时明时昧,乏力
时明时昧,发热
时明时昧,面黄
时明时昧,口苦
时明时昧,意识障碍
目上翻,目赤
目上翻,昏迷
目上翻,角弓反张
目上翻,肢冷
目上翻,尿黄
目上翻,面赤
目上翻,尿短
目上翻,发热
目上翻,便秘
目上翻,颈项强直
目赤,颈项强直
昏迷,颈项强直
角弓反张,肢冷
角弓反张,尿黄
角弓反张,尿短
角弓反张,颈项强直
肢冷,颈项强直
面赤,颈项强直
尿短,颈项强直
便秘,颈项强直
抽搐,颈项强直
目眩,颤抖
言语不利,肢体麻木
言语不利,颤抖
肢体麻木,口眼歪斜
瘫痪,口流清涎
瘫痪,抽搐
半身不遂,口流清涎
半身不遂,抽搐
颤抖,口流清涎
腹部硬满,谵语
腹部硬满,便血
腹部硬满,面唇青紫
腹部硬满,发热
腹部硬满,尿清
腹部硬满,意识障碍
腹部硬满,爪甲紫
谵语,面唇青紫
谵语,发狂
谵语,尿清
谵语,爪甲紫
便血,面唇青紫
便血,尿清
便血,爪甲紫
面唇青紫,发热
面唇青紫,发狂
面唇青紫,尿清
面唇青紫,意识障碍
面唇青紫,爪甲紫
发热,爪甲紫
发狂,尿清
发狂,爪甲紫
尿清,意识障碍
尿清,爪甲紫
意识障碍,爪甲紫
呼吸微弱,大便失禁
呼吸微弱,肢温
呼吸微弱,尿失禁
大便失禁,肢温
大便失禁,汗出
大便失禁,呼吸急促
大便失禁,肢冷
大便失禁,冷汗
大便失禁,面白
肢温,汗出
肢温,昏迷
肢温,呼吸急促
肢温,肢冷
肢温,尿失禁
肢温,冷汗
肢温,意识障碍
肢温,面白
气粗,打鼾
气粗,目闭
气粗,口开不合
气粗,尿失禁
气粗,面白
打鼾,目闭
打鼾,口开不合
打鼾,尿失禁
打鼾,面白
目闭,尿失禁
目闭,发热
情绪不稳,腹硬
腹痛,谵语
腹痛,腹硬
胸闷,腹硬
腹硬,烦躁
腹硬,气喘
少气,尿黄
少气,气喘
少气,便秘
消瘦,气喘
尿黄,少言
气喘,少言
情绪不稳,红丝赤缕
情绪不稳,疔疮
红丝赤缕,谵语
红丝赤缕,皮肤红肿
红丝赤缕,烦躁
红丝赤缕,口渴
红丝赤缕,头痛
红丝赤缕,面赤
红丝赤缕,疔疮
红丝赤缕,发热
谵语,疔疮
皮肤红肿,面赤
皮肤红肿,疔疮
烦躁,疔疮
口渴,疔疮
头痛,疔疮
面赤,疔疮
疔疮,发热
情绪不稳,痢疾
情绪不稳,下利
痢疾,腹痛
痢疾,谵语
痢疾,烦躁
痢疾,呕吐
痢疾,下利
腹痛,下利
谵语,下利
昏迷,下利
烦躁,下利
口渴,下利
呕吐,下利
下利,意识障碍
呕血,目凹陷
呕血,齿燥
呕血,手足蠕动
呕血,暮热早凉
呕血,唇燥
谵语,目凹陷
谵语,齿燥
谵语,手足蠕动
谵语,暮热早凉
目凹陷,齿燥
目凹陷,躁扰
目凹陷,发斑
目凹陷,手足蠕动
目凹陷,暮热早凉
目凹陷,唇燥
目凹陷,抽搐
昏迷,齿燥
昏迷,手足蠕动
昏迷,暮热早凉
齿燥,躁扰
齿燥,发斑
齿燥,面赤
齿燥,手足蠕动
齿燥,暮热早凉
齿燥,唇燥
齿燥,发热
齿燥,抽搐
齿燥,意识障碍
躁扰,发斑
躁扰,面赤
躁扰,手足蠕动
躁扰,暮热早凉
躁扰,唇燥
躁扰,抽搐
发斑,面赤
发斑,手足蠕动
发斑,暮热早凉
面赤,暮热早凉
手足蠕动,暮热早凉
手足蠕动,唇燥
暮热早凉,唇燥
暮热早凉,发热
暮热早凉,抽搐
暮热早凉,意识障碍
唇燥,抽搐
呼吸困难,妄动
恶心,妄动
谵语,妄动
咳嗽,妄动
咳痰,呕吐
咳痰,妄动
呕吐,妄动
尿黄,妄动
尿短,妄动
发热,妄动
便秘,妄动
腹部硬满,呕血
腹部硬满,尿自利
腹部硬满,面紫
腹部硬满,发斑
腹部硬满,妄言
呕血,尿自利
呕血,面紫
呕血,妄言
呕血,肢体痛
谵语,尿自利
谵语,面紫
谵语,妄言
便血,面紫
便血,妄言
尿自利,面紫
尿自利,发斑
尿自利,妄言
尿自利,意识障碍
面紫,发斑
面紫,妄言
面紫,发热
发斑,妄言
妄言,发热
妄言,肢体痛
妄言,意识障碍
情绪不稳,言语不利
情绪不稳,表情愁苦
胸痛,言语不利
胸痛,表情愁苦
言语不利,胁痛
言语不利,抑郁
言语不利,烦躁
言语不利,乳房痛
言语不利,表情愁苦
言语不利,乳房胀
言语不利,月经不调
胁痛,表情愁苦
抑郁,表情愁苦
烦躁,表情愁苦
乳房痛,表情愁苦
表情愁苦,乳房胀
表情愁苦,月经不调
表情愁苦,纳差
言语不利,口流清涎
言语不利,面暗
瘫痪,面暗
口眼歪斜,面暗
半身不遂,面暗
大便失禁,言语不利
大便失禁,耳鸣
大便失禁,活动不利
大便失禁,发白
大便失禁,齿落
腰酸,发白
腰酸,齿落
言语不利,活动不利
言语不利,尿失禁
言语不利,发白
言语不利,齿落
耳鸣,发白
耳鸣,齿落
活动不利,尿失禁
活动不利,发白
活动不利,齿落
尿失禁,发白
尿失禁,齿落
头晕,发白
头晕,齿落
发白,齿落
咽干,多言
咽干,不可转侧
易惊,不可转侧
易惊,尿不利
多言,不可转侧
多言,烦躁
多言,视力受损
多言,口苦
多言,尿不利
多言,视物模糊
多言,胸胁满
不可转侧,视力受损
不可转侧,口苦
不可转侧,乏力
不可转侧,尿不利
不可转侧,视物模糊
不可转侧,胸胁满
乏力,胸胁满
情绪不稳,热结旁流
情绪不稳,恶热
腹痛,热结旁流
腹痛,恶热
汗出,热结旁流
汗出,腹硬
热结旁流,气粗
热结旁流,喜冷
热结旁流,烦躁
热结旁流,口渴
热结旁流,恶热
气粗,喜冷
气粗,腹硬
气粗,恶热
气粗,腹胀
谵语,恶热
昏迷,腹硬
昏迷,恶热
喜冷,腹硬
腹硬,口渴
腹硬,恶热
烦躁,恶热
恶热,意识障碍
咽干,胸胀
胸胀,欲饮
情绪不稳,腹部硬满
情绪不稳,面唇青紫
情绪不稳,尿自利
情绪不稳,眼圈黑
胸痛,腹部硬满
胸痛,皮疹
胸痛,皮肤色青
胸痛,便血
胸痛,面唇青紫
胸痛,尿自利
胸痛,眼圈黑
胸痛,皮肤斑块
腹部硬满,腹痛
腹部硬满,皮肤色青
腹部硬满,烦躁
腹部硬满,眼圈黑
腹部硬满,皮肤斑块
腹痛,皮肤色青
腹痛,面唇青紫
皮疹,皮肤色青
皮疹,面唇青紫
皮疹,尿自利
皮疹,眼圈黑
皮肤色青,面唇青紫
皮肤色青,尿自利
皮肤色青,眼圈黑
皮肤色青,皮肤斑块
烦躁,面唇青紫
烦躁,尿自利
烦躁,眼圈黑
便血,眼圈黑
面唇青紫,尿自利
面唇青紫,眼圈黑
面唇青紫,皮肤斑块
尿自利,眼圈黑
尿自利,皮肤斑块
眼圈黑,皮肤斑块
情绪不稳,多愁善感
不寐,多愁善感
易惊,多愁善感
胆怯,多愁善感
胆怯,面色不荣
烦躁,多愁善感
多愁善感,头晕
多愁善感,乏力
多愁善感,面色不荣
多愁善感,心悸
咽干,躁扰
手足发热,躁扰
腰酸,躁扰
汗出,躁扰
唇色红,健忘
唇色红,躁扰
口渴,健忘
健忘,躁扰
健忘,面赤
健忘,尿黄
健忘,便秘
躁扰,尿黄
躁扰,便秘
躁扰,盗汗
少气,意识障碍
浮肿,不喜饮
口粘,嗜睡
腹泻,月经过多
腹泻,月经色淡
腹泻,月经不调
腹泻,意识障碍
腹泻,嗜睡
月经过多,意识障碍
月经过多,嗜睡
月经色淡,月经不调
月经色淡,意识障碍
月经色淡,嗜睡
呼吸急促,嗜睡
月经不调,意识障碍
月经不调,嗜睡
面色不荣,嗜睡
浮肿,健忘
浮肿,唇甲发绀
肢冷,唇甲发绀
健忘,唇甲发绀
健忘,腰痛
健忘,嗜睡
唇甲发绀,恶寒
唇甲发绀,乏力
唇甲发绀,肢体痛
唇甲发绀,少言
唇甲发绀,腰痛
唇甲发绀,意识障碍
唇甲发绀,嗜睡
少言,腰痛
腰痛,意识障碍
腰痛,嗜睡
耳聋,怠惰
耳聋,神情呆滞
耳聋,意识障碍
耳聋,嗜睡
反应迟钝,怠惰
反应迟钝,嗜睡
耳鸣,怠惰
耳鸣,嗜睡
怠惰,神情呆滞
怠惰,健忘
怠惰,嗜睡
智力低下,腹胀
智力低下,抑郁
智力低下,不欲见人
腹胀,不欲见人
腹胀,表情呆滞
腹胀,口流清涎
喃喃自语,不欲见人
喃喃自语,口流清涎
抑郁,不欲见人
抑郁,口流清涎
不欲见人,少语
不欲见人,表情呆滞
不欲见人,口流清涎
少语,口流清涎
表情呆滞,口流清涎
智力低下,胸闷
不寐,表情呆滞
烦躁,表情呆滞
胸闷,表情呆滞
表情呆滞,精神恍惚
不能自卫,智力低下
不能自卫,发少
不能自卫,发育迟缓
不能自卫,活动不利
不能自卫,不能自理
不能自卫,齿少
不能自卫,囟门不合
不能自卫,表情呆滞
不能自卫,肢体痿弱
智力低下,不能自理
智力低下,齿少
智力低下,囟门不合
发少,不能自理
发少,齿少
发少,囟门不合
发少,表情呆滞
发少,肢体痿弱
发育迟缓,不能自理
发育迟缓,齿少
发育迟缓,囟门不合
发育迟缓,表情呆滞
活动不利,不能自理
活动不利,齿少
活动不利,囟门不合
不能自理,齿少
不能自理,囟门不合
不能自理,表情呆滞
不能自理,肢体痿弱
齿少,囟门不合
齿少,表情呆滞
齿少,肢体痿弱
囟门不合,表情呆滞
囟门不合,肢体痿弱
表情呆滞,肢体痿弱
须发白,腰酸
须发白,发少
须发白,齿松
须发白,活动不利
须发白,健忘
须发白,乏力
须发白,表情呆滞
须发白,早衰
须发白,精神恍惚
须发白,肢体痿弱
腰酸,表情呆滞
腰酸,早衰
腰酸,精神恍惚
腰酸,肢体痿弱
发少,早衰
齿松,乏力
齿松,表情呆滞
齿松,早衰
齿松,精神恍惚
齿松,肢体痿弱
活动不利,早衰
健忘,表情呆滞
健忘,早衰
健忘,肢体痿弱
乏力,早衰
表情呆滞,早衰
早衰,精神恍惚
早衰,肢体痿弱
呼吸微弱,呼吸困难
呼吸微弱,声低
呼吸微弱,少气
呼吸微弱,自汗
呼吸微弱,咳嗽
呼吸困难,声低
少气,咳嗽
月经不调,精神恍惚
喉中有痰,恶心
喉中有痰,嗜卧
喉中有痰,视力受损
喉中有痰,健忘
喉中有痰,视物模糊
恶心,健忘
嗜卧,健忘
嗜卧,呕吐
咳嗽,健忘
咳痰,健忘
健忘,呕吐
欲漱水,瘫痪
欲漱水,便血
欲漱水,面唇青紫
欲漱水,健忘
欲漱水,爪甲紫
不喜饮,瘫痪
不喜饮,面唇青紫
不喜饮,健忘
不喜饮,爪甲紫
瘫痪,便血
瘫痪,面唇青紫
瘫痪,爪甲紫
便血,健忘
面唇青紫,健忘
健忘,爪甲紫
恐惧,善太息
恐惧,视力受损
恐惧,头晕
恐惧,呕吐
恐惧,心悸
恐惧,视物模糊
善太息,视力受损
善太息,呕吐
善太息,视物模糊
目赤,善太息
胁胀,尿短
善太息,尿黄
善太息,尿短
腰酸,少气
口疮,心悸
不寐,尿痛
尿痛,心悸
胸膈痞满,胃脘嘈杂
胸膈痞满,坐卧不安
胃脘嘈杂,坐卧不安
头昏沉,不寐
头昏沉,耳鸣
手足发热,性急
手足发热,口苦
手足发热,目干
汗出,性急
性急,目干
性急,盗汗
视物模糊,便溏
自汗,嗜卧
目眩,早衰
阳痿,早衰
耳鸣,早衰
头晕,早衰
遗精,早衰
头昏沉,肢体沉重
头昏沉,胸膈痞满
恶心,肢体沉重
肢体沉重,胸膈痞满
肢体沉重,头晕
肢体沉重,呕吐
肢体沉重,纳差
肢体沉重,意识障碍
肢体沉重,嗜睡
胸膈痞满,意识障碍
胸膈痞满,嗜睡
不喜饮,关节痛
不喜饮,背痛
不喜饮,颈部痛
欲饮,头胀
吞咽不利,精神恍惚
吞咽不利,善悲
吞咽不利,胁痛
吞咽不利,抑郁
吞咽不利,神情呆滞
吞咽不利,嗳气
吞咽不利,欠伸
吞咽不利,喜哭
吞咽不利,呵欠
精神恍惚,嗳气
精神恍惚,呵欠
善悲,胁痛
善悲,抑郁
善悲,神情呆滞
善悲,嗳气
善悲,乏力
善悲,喜哭
善悲,胸闷
善悲,呵欠
胁痛,欠伸
胁痛,乏力
胁痛,喜哭
胁痛,呵欠
抑郁,欠伸
抑郁,喜哭
抑郁,呵欠
神情呆滞,嗳气
神情呆滞,欠伸
神情呆滞,喜哭
神情呆滞,呵欠
嗳气,欠伸
嗳气,喜哭
嗳气,呵欠
欠伸,乏力
欠伸,喜哭
欠伸,胸闷
欠伸,呵欠
喜哭,呵欠
胸闷,呵欠
目干,唇色白
目干,面白
唇色白,头痛
脘痞,昏迷
咽干,不能自制
咽干,头震颤
目赤,不能自制
目赤,头震颤
不能自制,头震颤
不能自制,头晕
不能自制,面赤
不能自制,颤抖
头震颤,头晕
头震颤,面赤
头震颤,口苦
颤抖,口苦
汗出,头震颤
头震颤,乏力
头震颤,发热
头震颤,盗汗
咀嚼不便,牙痛
咀嚼不便,牙龈红肿
牙痛,牙龈红肿
牙痛,腮肿
牙龈红肿,腮肿
牙痛,不喜饮
牙痛,恶寒
胸痛,呵欠
性急,耳鸣
性急,呼吸急促
性急,健忘
性急,心悸
性急,呵欠
耳鸣,胸闷
呼吸急促,呵欠
健忘,呵欠
牙龈出血,牙龈红肿
牙龈出血,腮痛
牙痛,腮痛
喜冷,牙龈红肿
喜冷,腮痛
口渴,腮痛
尿黄,腮痛
恶热,牙龈红肿
恶热,腮痛
牙龈红肿,便秘
牙龈红肿,腮痛
牙龈红肿,口臭
便秘,腮痛
腮痛,口臭
咽干,牙痛
咽干,牙龈萎缩
咽干,齿燥
不寐,牙痛
不寐,齿松
不寐,牙龈萎缩
不寐,齿燥
唇色红,咽痛
唇色红,齿松
唇色红,牙龈萎缩
唇色红,齿燥
唇色红,腰痛
咽痛,齿松
咽痛,牙龈萎缩
咽痛,齿燥
咽痛,腰痛
牙痛,齿松
牙痛,牙龈萎缩
牙痛,齿燥
牙痛,肢体痛
牙痛,腰痛
齿松,牙龈萎缩
齿松,齿燥
齿松,面赤
齿松,发热
齿松,腰痛
牙龈萎缩,齿燥
牙龈萎缩,面赤
牙龈萎缩,发热
牙龈萎缩,肢体痛
牙龈萎缩,腰痛
齿燥,肢体痛
齿燥,腰痛
汗出,牙痛
汗出,咀嚼无力
汗出,牙龈红肿
汗出,尿清
声低,耳鸣
声低,牙痛
声低,齿松
声低,咀嚼无力
声低,牙龈红肿
声低,尿频
声低,尿清
少气,耳鸣
少气,牙痛
少气,齿松
少气,咀嚼无力
少气,牙龈红肿
少气,尿清
自汗,耳鸣
自汗,牙痛
自汗,齿松
自汗,咀嚼无力
自汗,牙龈红肿
自汗,尿清
耳鸣,牙痛
耳鸣,咀嚼无力
耳鸣,牙龈红肿
耳鸣,少言
牙痛,头晕
牙痛,咀嚼无力
牙痛,乏力
牙痛,尿频
牙痛,尿清
牙痛,心悸
牙痛,少言
牙痛,面白
齿松,咀嚼无力
齿松,牙龈红肿
齿松,尿频
齿松,尿清
齿松,心悸
齿松,少言
头晕,咀嚼无力
头晕,牙龈红肿
头晕,尿清
咀嚼无力,乏力
咀嚼无力,牙龈红肿
咀嚼无力,尿频
咀嚼无力,尿清
咀嚼无力,心悸
咀嚼无力,少言
咀嚼无力,面白
乏力,牙龈红肿
牙龈红肿,尿频
牙龈红肿,尿清
牙龈红肿,心悸
牙龈红肿,少言
牙龈红肿,面白
尿清,少言
足冷,四肢麻木
足冷,感觉异常
四肢麻木,手冷
四肢麻木,恶寒
四肢麻木,四肢痛
手冷,感觉异常
感觉异常,四肢痛
四肢麻木,呼吸急促
四肢麻木,面黄
四肢麻木,上肢无力
唇甲淡白,视力受损
唇甲淡白,视物模糊
唇甲淡白,上肢无力
视力受损,上肢无力
呼吸急促,上肢无力
头晕,上肢无力
感觉异常,面黄
感觉异常,上肢无力
面色不荣,上肢无力
面黄,上肢无力
心悸,上肢无力
视物模糊,上肢无力
感觉异常,口唇发绀
感觉异常,面暗
口唇发绀,四肢麻木
四肢麻木,面暗
晕厥,四肢麻木
晕厥,感觉异常
四肢麻木,颤抖
恶心,四肢痒
恶心,四肢麻木
恶心,肩背沉重
恶心,颤抖
四肢痒,四肢麻木
四肢痒,咳嗽
四肢痒,咳痰
四肢痒,肩背沉重
四肢痒,头晕
四肢痒,呕吐
四肢痒,颤抖
四肢痒,感觉异常
四肢麻木,咳嗽
四肢麻木,咳痰
四肢麻木,肩背沉重
四肢麻木,呕吐
咳嗽,肩背沉重
咳嗽,颤抖
咳痰,肩背沉重
咳痰,颤抖
咳痰,感觉异常
肩背沉重,头晕
肩背沉重,呕吐
肩背沉重,颤抖
肩背沉重,感觉异常
呕吐,颤抖
不喜饮,四肢麻木
不喜饮,感觉异常
肢冷,口唇发绀
肢冷,呵欠
口唇发绀,乏力
口唇发绀,尿频
口唇发绀,纳差
口唇发绀,尿清
口唇发绀,腹胀
口唇发绀,便溏
口唇发绀,形寒
口唇发绀,呵欠
尿频,形寒
尿频,呵欠
纳差,呵欠
尿清,呵欠
腹胀,呵欠
便溏,呵欠
形寒,呵欠
呵欠,面白
项背僵直,肢体沉重
肢体沉重,抽搐
目上翻,大便失禁
目上翻,肢体强直
目上翻,外伤
目上翻,尿失禁
目上翻,口流清涎
大便失禁,肢体强直
大便失禁,外伤
肢体强直,外伤
肢体强直,尿失禁
肢体强直,口流清涎
肢体强直,意识障碍
外伤,尿失禁
外伤,口流清涎
外伤,抽搐
外伤,意识障碍
目眩,四肢麻木
目眩,唇色红
四肢麻木,唇色红
四肢麻木,抽搐
唇色红,下肢无力
唇色红,感觉异常
唇色红,抽搐
目上翻,头昏沉
目上翻,气粗
目上翻,谵语
目上翻,口眼歪斜
目上翻,口渴
头昏沉,气粗
头昏沉,谵语
头昏沉,口眼歪斜
头昏沉,角弓反张
头昏沉,颈项强直
气粗,口眼歪斜
气粗,角弓反张
气粗,颈项强直
谵语,口眼歪斜
谵语,颈项强直
口眼歪斜,角弓反张
口眼歪斜,尿黄
口眼歪斜,便秘
口眼歪斜,颈项强直
口渴,颈项强直
口淡,腰酸
口淡,肥胖
口淡,抽搐
口淡,形寒
不喜饮,肥胖
不喜饮,下肢无力
不喜饮,形寒
腰酸,肥胖
肥胖,尿少
肥胖,肢冷
肥胖,下肢无力
肥胖,尿清
肥胖,抽搐
肥胖,形寒
尿清,抽搐
抽搐,形寒
时哭时笑,不寐
时哭时笑,昏迷
时哭时笑,善太息
时哭时笑,多愁善感
时哭时笑,手舞足蹈
时哭时笑,捶胸顿足
时哭时笑,胸闷
时哭时笑,抽搐
时哭时笑,意识障碍
不寐,捶胸顿足
昏迷,善太息
昏迷,多愁善感
昏迷,手舞足蹈
昏迷,捶胸顿足
善太息,多愁善感
善太息,手舞足蹈
善太息,捶胸顿足
善太息,抽搐
善太息,意识障碍
多愁善感,手舞足蹈
多愁善感,捶胸顿足
多愁善感,胸闷
多愁善感,抽搐
多愁善感,意识障碍
手舞足蹈,捶胸顿足
手舞足蹈,胸闷
手舞足蹈,意识障碍
捶胸顿足,胸闷
捶胸顿足,抽搐
捶胸顿足,意识障碍
爪白,肢体麻木
爪白,身体弱
爪白,感觉异常
爪白,抽搐
爪白,手脚抽搐
肢体麻木,身体弱
肢体麻木,唇色白
肢体麻木,面黄
肢体麻木,手脚抽搐
身体弱,唇色白
身体弱,感觉异常
身体弱,面黄
身体弱,抽搐
身体弱,手脚抽搐
身体弱,面白
唇色白,感觉异常
唇色白,抽搐
唇色白,手脚抽搐
感觉异常,手脚抽搐
面黄,手脚抽搐
情绪不稳,头筋突起
头筋突起,目赤
头筋突起,不寐
头筋突起,耳聋
头筋突起,烦躁
头筋突起,口渴
头筋突起,头痛
头筋突起,面赤
头筋突起,头胀
头筋突起,发热
头筋突起,眼睑肿胀
头筋突起,口苦
不寐,眼睑肿胀
耳聋,头胀
耳聋,眼睑肿胀
面赤,眼睑肿胀
头胀,眼睑肿胀
眼睑肿胀,口苦
皮肤红肿,活动不利
皮肤红肿,关节痛
皮肤红肿,关节肿胀
活动不利,皮肤麻木
活动不利,关节肿胀
乏力,关节肿胀
皮肤麻木,关节肿胀
感觉异常,关节肿胀
情绪不稳,关节肿胀
烦躁,关节肿胀
喜冷,关节痛
喜冷,关节肿胀
关节痛,恶热
口渴,关节肿胀
恶热,肢体痛
恶热,关节肿胀
少气,四肢痛
消瘦,唇甲淡白
消瘦,关节痛
消瘦,四肢痛
唇甲淡白,关节痛
唇甲淡白,肢体痛
唇甲淡白,四肢痛
关节痛,四肢痛
四肢痛,少言
四肢痛,面白
腰酸,不耐久立
腰酸,足肿
腰酸,关节松弛
腰酸,关节不利
耳鸣,不耐久立
耳鸣,足肿
耳鸣,关节松弛
耳鸣,关节不利
关节痛,尿清
关节痛,面赤
关节痛,足肿
关节痛,关节松弛
肢冷,不耐久立
肢冷,足肿
肢冷,关节松弛
肢冷,关节不利
下肢无力,不耐久立
下肢无力,足肿
下肢无力,关节松弛
下肢无力,关节不利
头晕,不耐久立
头晕,足肿
头晕,关节松弛
尿清,面赤
尿清,不耐久立
尿清,足肿
尿清,关节松弛
尿清,关节不利
面赤,不耐久立
面赤,足肿
面赤,关节松弛
面赤,关节不利
不耐久立,足肿
不耐久立,便溏
不耐久立,关节松弛
不耐久立,关节不利
肢体痛,关节松弛
足肿,便溏
足肿,关节松弛
足肿,关节不利
便溏,关节松弛
便溏,关节不利
关节松弛,关节不利
肩背沉重,恶寒
肩背沉重,肢体痛
肩背沉重,背痛
肩背沉重,肩胛不舒
肩背沉重,颈部痛
肩背沉重,背部板滞
恶寒,肩胛不舒
恶寒,背部板滞
肢体痛,肩胛不舒
肢体痛,背部板滞
背痛,肩胛不舒
背痛,背部板滞
肩胛不舒,颈部痛
肩胛不舒,背部板滞
颈部痛,背部板滞
背痛,感觉异常
背痛,皮肤麻木
项背僵直,关节痛
项背僵直,腰痛
关节痛,无汗
无汗,腰痛
头痛,腰痛
四肢麻木,不可转侧
四肢麻木,下肢痛
四肢麻木,不可俯仰
不可转侧,下肢痛
不可转侧,不可俯仰
不可转侧,肢体痛
不可转侧,感觉异常
不可转侧,四肢痛
不可转侧,腰痛
下肢痛,不可俯仰
下肢痛,感觉异常
不可俯仰,乏力
不可俯仰,肢体痛
不可俯仰,感觉异常
不可俯仰,四肢痛
不可俯仰,腰痛
喜暖,汗出
喜暖,发少
喜暖,足痛
喜暖,齿松
喜暖,口渴
喜暖,发热
喜暖,肢体痛
喜暖,盗汗
喜暖,腰痛
喜暖,膝软
汗出,足痛
汗出,膝软
发少,足痛
发少,腰痛
发少,膝软
足痛,齿松
足痛,口渴
足痛,肢冷
足痛,恶寒
足痛,发热
足痛,盗汗
足痛,膝软
齿松,肢冷
齿松,恶寒
齿松,膝软
口渴,膝软
发热,膝软
盗汗,膝软
头昏沉,头胀
脘痞,头胀
头胀,乏力
头胀,腹胀
皮疹,不可转侧
皮疹,不可俯仰
皮疹,腰痛
不可转侧,皮肤斑块
皮肤斑块,不可俯仰
皮肤斑块,腰痛
咳嗽,关节痛
声重,关节痛
声重,肢体痛
咳痰,关节痛
流鼻涕,关节痛
关节痛,鼻塞
关节痛,咽痒
胸痛,形寒
咽痛,无痰
无痰,形寒
无痰,咳血
不喜饮,头胀
汗出,头胀
咳嗽,头胀
尿少,咳痰
尿少,头胀
咳痰,头胀
咽干,气喘
咽干,口中发热
胸痛,口中发热
咽痛,气喘
咽痛,口中发热
咽痛,口苦
咳嗽,口中发热
咳痰,口中发热
气喘,口中发热
气喘,口苦
胸闷,口中发热
胸闷,咳血
口中发热,口苦
口中发热,咳血
口苦,咳血
浮肿,咳痰
口淡,咳嗽
口淡,咳痰
脘痞,少气
少气,咳痰
咽干,少气
胸痛,少气
少气,盗汗
少气,咳血
尿失禁,恶寒
情绪不稳,气逆
咽干,气逆
咳嗽,气逆
气逆,咳痰
气逆,胁痛
气逆,烦躁
气逆,面赤
头痛,咳血
头晕,咽痒
头晕,咳血
情绪不稳,咳血
咽干,月经色红
胸痛,月经色红
咽痛,胁痛
咽痛,月经色红
咳嗽,月经色红
咳痰,月经色红
胁痛,月经色红
烦躁,咳血
月经色红,咳血
尿黄,咳血
尿短,咳血
便秘,咳血
胸痛,不能平卧
咳嗽,不能平卧
咳嗽,眼圈黑
咳嗽,面暗
不能平卧,眼圈黑
不能平卧,口唇发绀
不能平卧,面暗
不能平卧,心悸
不能平卧,咳血
眼圈黑,口唇发绀
眼圈黑,气喘
眼圈黑,面暗
眼圈黑,胸闷
眼圈黑,心悸
眼圈黑,咳血
口唇发绀,咳血
气喘,面暗
面暗,咳血
便溏,声细
便溏,无味
咳嗽,月经色暗
咳嗽,声细
咳嗽,无味
月经色暗,声细
月经色暗,咳痰
月经色暗,面白
月经色暗,呼吸急促
月经色暗,恶寒
月经色暗,无味
月经色暗,咳血
声细,咳痰
声细,面白
声细,呼吸急促
声细,恶寒
声细,无味
声细,乏力
声细,纳差
声细,月经过少
声细,心悸
声细,少言
声细,咳血
咳痰,无味
面白,无味
面白,咳血
呼吸急促,无味
呼吸急促,咳血
恶寒,无味
恶寒,月经过少
无味,乏力
无味,纳差
无味,月经过少
无味,心悸
无味,少言
无味,咳血
月经过少,少言
月经过少,咳血
少言,咳血
手足发热,阴热
手足发热,肢体痛
手足发热,腰痛
手足发热,咳血
不寐,欲饮
不寐,阴热
咳嗽,阴热
咳痰,阴热
咳痰,遗精
咳痰,腰痛
欲饮,阴热
欲饮,遗精
欲饮,腰痛
欲饮,咳血
阴热,遗精
阴热,乏力
阴热,发热
阴热,肢体痛
阴热,盗汗
阴热,腰痛
阴热,咳血
胸痛,自汗
胸痛,面白
胸痛,足冷
胸痛,手冷
胸痛,背痛
足冷,自汗
足冷,胸闷
足冷,背痛
自汗,手冷
自汗,背痛
手冷,胸闷
手冷,背痛
胸闷,背痛
头冷,无汗
头冷,头痛
头冷,恶寒
头冷,发热
头冷,肢体痛
头冷,颈部痛
无汗,颈部痛
胸痛,冷汗
易惊,冷汗
不寐,气喘
咳嗽,背痛
咳痰,不能平卧
咳痰,背痛
不能平卧,呼吸急促
不能平卧,肢体痛
不能平卧,背痛
呼吸急促,背痛
气喘,肢体痛
气喘,背痛
情绪不稳,气味酸臭
胸痛,不喜饮
胸痛,气味酸臭
汗出,气味酸臭
咳嗽,气味酸臭
烦躁,气味酸臭
气味酸臭,咳痰
气味酸臭,口渴
气味酸臭,呕吐
气味酸臭,发热
口渴,嗳气
嗳气,尿短
足冷,腰部无力
足冷,嗳气
足冷,膝无力
腰部无力,手冷
腰部无力,呼吸急促
腰部无力,嗳气
腰部无力,乏力
腰部无力,纳差
腰部无力,尿清
腰部无力,便溏
腰部无力,面白
手冷,嗳气
手冷,膝无力
呼吸急促,嗳气
呼吸急促,膝无力
嗳气,膝无力
嗳气,尿清
膝无力,乏力
膝无力,纳差
膝无力,尿清
膝无力,便溏
膝无力,面白
呼吸困难,嗳气
脘痞,肢体痛
恶心,吞酸
吞酸,厌食
呕吐,厌食
恶心,面青
恶心,头冷
面青,头冷
头冷,肢冷
头冷,面暗
嗳气,恶寒
吞酸,尿黄
吞酸,尿短
吞酸,口臭
咽干,不能饮
不能饮,不食
不能饮,口渴
不能饮,呕吐
恶心,胸痛
胸痛,脘痞
呕血,脘痞
呕血,吞酸
呕血,唇色红
呕血,胃脘嘈杂
呕血,胸闷
脘痞,唇色红
脘痞,便血
脘痞,胃脘嘈杂
吞酸,唇色红
吞酸,便血
吞酸,口渴
吞酸,胃脘嘈杂
唇色红,胃脘嘈杂
唇色红,胸闷
便血,胃脘嘈杂
便血,尿黄
便血,胸闷
胃脘嘈杂,胸闷
情绪不稳,口酸
呕血,口酸
呕血,嗳气
呕血,口唇发绀
胁痛,口唇发绀
烦躁,口酸
口酸,口唇发绀
嗳气,口唇发绀
口唇发绀,口苦
欲漱水,腹痛
欲漱水,呕血
欲漱水,面黑
呕血,不喜饮
呕血,消瘦
呕血,欲饮
呕血,乏力
消瘦,欲饮
呕血,易惊
呕血,呼吸急促
呕血,下肢无力
呕血,唇色白
呕血,纳差
呕血,精神恍惚
腹痛,唇色白
易惊,便血
易惊,下肢无力
易惊,唇色白
便血,下肢无力
便血,唇色白
便血,精神恍惚
下肢无力,精神恍惚
唇色白,精神恍惚
面黄,精神恍惚
呼吸微弱,情绪不稳
呼吸微弱,呕血
呼吸微弱,烦躁
呼吸微弱,面赤
呼吸微弱,嗜睡
呼吸微弱,气喘
呼吸微弱,尿清
呕血,肢冷
呕血,恶寒
呕血,嗜睡
呕血,气喘
呕血,尿清
呕血,面白
面赤,嗜睡
嗜睡,气喘
嗜睡,尿清
气喘,尿清
腰酸,头冷
腰酸,额冷
头冷,面色不荣
头冷,额冷
头冷,面白
肢冷,额冷
恶寒,额冷
面色不荣,额冷
尿少,呕吐
唇色红,尿少
不食,欲饮
唇燥,纳差
腹痛,不知饥饿
喜暖,脘痞
喜暖,呼吸急促
喜暖,不知饥饿
脘痞,足冷
脘痞,手冷
脘痞,不知饥饿
足冷,不知饥饿
手冷,不知饥饿
呼吸急促,不知饥饿
不知饥饿,恶寒
不知饥饿,呕吐
不知饥饿,乏力
不知饥饿,纳差
不知饥饿,腹胀
不知饥饿,便溏
浮肿,食而不化
腰酸,食而不化
食而不化,呼吸急促
脘痞,大便臭
情绪不稳,腹露青筋
情绪不稳,发育迟缓
情绪不稳,腹凹如舟
腹露青筋,不寐
腹露青筋,发育迟缓
腹露青筋,腹胀
腹露青筋,消瘦
腹露青筋,烦躁
腹露青筋,乏力
腹露青筋,发枯
腹露青筋,纳差
腹露青筋,喜食异物
腹露青筋,发热
腹露青筋,便溏
腹露青筋,啼哭
腹露青筋,腹凹如舟
不寐,发育迟缓
不寐,腹凹如舟
发育迟缓,腹胀
发育迟缓,烦躁
发育迟缓,乏力
发育迟缓,发枯
发育迟缓,喜食异物
发育迟缓,便溏
发育迟缓,啼哭
发育迟缓,腹凹如舟
腹胀,腹凹如舟
消瘦,腹凹如舟
烦躁,腹凹如舟
乏力,腹凹如舟
发枯,喜食异物
发枯,腹凹如舟
纳差,腹凹如舟
喜食异物,发热
喜食异物,啼哭
喜食异物,腹凹如舟
发热,腹凹如舟
面黄,腹凹如舟
便溏,腹凹如舟
啼哭,腹凹如舟
腹痛,大便下虫
大便下虫,呕吐
大便下虫,纳差
大便下虫,喜食异物
呕吐,喜食异物
情绪不稳,时哭时笑
情绪不稳,闷闷不乐
情绪不稳,狂言
情绪不稳,撕咬衣物
时哭时笑,烦躁
时哭时笑,闷闷不乐
时哭时笑,心情郁闷
时哭时笑,喜食异物
时哭时笑,纳差
时哭时笑,狂言
时哭时笑,撕咬衣物
烦躁,闷闷不乐
烦躁,狂言
烦躁,撕咬衣物
闷闷不乐,心情郁闷
闷闷不乐,喜食异物
闷闷不乐,纳差
闷闷不乐,狂言
闷闷不乐,撕咬衣物
心情郁闷,喜食异物
心情郁闷,纳差
心情郁闷,狂言
心情郁闷,撕咬衣物
喜食异物,狂言
喜食异物,撕咬衣物
纳差,狂言
纳差,撕咬衣物
狂言,撕咬衣物
腹泻,腹冷
腹痛,腹冷
腹冷,肠鸣
腹冷,肢冷
腹冷,便秘
肠鸣,肢冷
肠鸣,纳差
肠鸣,便秘
手足多汗,腹硬
手足多汗,尿黄
手足多汗,尿短
手足多汗,下利
汗出,下利
腹硬,尿短
腹硬,下利
尿黄,下利
尿短,下利
下利,便秘
腹痛,里急后重
不喜饮,大便臭
大便不爽,大便臭
便血,大便臭
里急后重,便溏
里急后重,口苦
里急后重,大便臭
恶心,气味酸臭
腹泻,气味酸臭
气味酸臭,嗳气
腹部肿块,大便下虫
腹部肿块,喜食异物
腹部肿块,面黄
消瘦,大便下虫
大便下虫,肢体痛
大便下虫,面黄
喜食异物,肢体痛
恶心,腹水
恶心,肠鸣
不喜饮,腹水
不喜饮,口流清涎
腹水,肠鸣
腹水,口渴
腹水,呕吐
腹水,口流清涎
腹水,便溏
肠鸣,口流清涎
足冷,声低
足冷,脱肛
声低,脱肛
声低,手冷
脱肛,手冷
足冷,面赤
足冷,发热
足冷,阴阳两虚
汗出,阴阳两虚
腰酸,阴阳两虚
耳鸣,阴阳两虚
手冷,面赤
手冷,发热
手冷,阴阳两虚
头晕,阴阳两虚
面赤,阴阳两虚
发热,阴阳两虚
肛门坠胀,大便窘迫
肛门坠胀,下利
腹痛,大便窘迫
脘痞,大便窘迫
脘痞,下利
脘痞,里急后重
肛门灼热,大便窘迫
肛门灼热,下利
大便窘迫,口渴
大便窘迫,尿黄
大便窘迫,尿短
大便窘迫,下利
大便窘迫,发热
大便窘迫,胸闷
大便窘迫,里急后重
尿黄,里急后重
尿短,里急后重
下利,胸闷
下利,里急后重
发热,里急后重
胸闷,里急后重
肛门坠胀,大便不爽
大便不爽,胁痛
胁痛,便血
胁痛,里急后重
肛门坠胀,痢疾
肛门坠胀,自汗
肛门坠胀,汗出
肛门坠胀,少气
痢疾,自汗
痢疾,汗出
痢疾,少气
痢疾,大便不爽
痢疾,脱肛
痢疾,尿频
痢疾,里急后重
痢疾,心悸
痢疾,少言
自汗,大便不爽
自汗,脱肛
自汗,里急后重
汗出,大便不爽
汗出,脱肛
汗出,里急后重
少气,大便不爽
少气,脱肛
少气,里急后重
大便不爽,脱肛
大便不爽,尿频
大便不爽,少言
脱肛,里急后重
脱肛,心悸
脱肛,少言
里急后重,心悸
里急后重,少言
肛门坠胀,唇燥
痢疾,消瘦
痢疾,唇燥
腹痛,唇燥
消瘦,里急后重
唇燥,里急后重
口疮,气粗
口疮,声重
口疮,肢体痛
气粗,声重
气粗,肢体痛
气粗,口臭
汗出,声重
声重,喜冷
声重,面赤
声重,腹胀
声重,口臭
脘痞,气喘
便秘,大便窘迫
咳嗽,抑郁
咳嗽,大便窘迫
咳嗽,嗳气
咳嗽,乳房胀
抑郁,大便窘迫
抑郁,呕吐
抑郁,气喘
大便窘迫,嗳气
大便窘迫,乳房胀
大便窘迫,呕吐
大便窘迫,气喘
嗳气,气喘
乳房胀,气喘
呕吐,气喘
腹痛,声低
腹痛,唇甲淡白
腹痛,大便软
汗出,肛门脱垂
汗出,大便软
声低,肛门脱垂
声低,大便软
声低,气喘
声低,便秘
声低,形寒
唇甲淡白,肛门脱垂
唇甲淡白,大便软
唇甲淡白,气喘
唇甲淡白,便秘
唇甲淡白,形寒
肛门脱垂,呼吸急促
肛门脱垂,大便软
肛门脱垂,气喘
肛门脱垂,便秘
肛门脱垂,少言
肛门脱垂,形寒
肛门脱垂,面白
呼吸急促,大便软
乏力,大便软
大便软,气喘
大便软,便秘
大便软,少言
大便软,形寒
大便软,面白
气喘,形寒
喜暖,面青
喜暖,便秘
喜暖,尿不尽
面青,尿清
面青,尿频
面青,尿不尽
尿清,便秘
咽干,唇甲淡白
唇甲淡白,纳差
咽干,下肢冷
咽干,尿清
咽干,皮肤发热
下肢冷,面赤
下肢冷,皮肤发热
便溏,皮肤发热
腰部无力,尿失禁
腰部无力,气喘
腰部无力,尿频
耳鸣,气喘
膝无力,尿失禁
膝无力,气喘
膝无力,尿频
尿失禁,气喘
尿失禁,尿清
头晕,气喘
气喘,尿频
咳痰,尿清
尿失禁,形寒
阳痿,足冷
阳痿,手冷
足冷,早泄
足冷,滑精
早泄,手冷
手冷,滑精
尿失禁,滑精
气怯,咳嗽
气怯,尿失禁
气怯,气喘
气怯,尿频
尿热,尿失禁
尿热,小便困难
口渴,小便困难
尿失禁,尿短
尿失禁,口苦
尿失禁,小便困难
尿黄,小便困难
尿短,小便困难
口苦,小便困难
腰酸,大便不爽
大便不爽,耳鸣
大便不爽,下肢无力
大便不爽,尿失禁
大便不爽,面赤
大便不爽,盗汗
胁痛,下肢无力
胁痛,尿失禁
胁痛,盗汗
下肢无力,尿短
尿失禁,盗汗
腰酸,听力减退
耳鸣,尿不尽
早泄,听力减退
尿失禁,听力减退
滑精,听力减退
滑精,尿不尽
听力减退,尿频
听力减退,尿不尽
腰酸,下利
耳鸣,下利
头晕,下利
下利,尿频
下利,形寒
头昏沉,腰酸
头昏沉,颤抖
腰酸,肢体麻木
腰酸,颤抖
肢体麻木,发热
大便不爽,腹部拘急
大便不爽,尿浑浊
尿痛,腹部拘急
口渴,腹部拘急
尿黄,腹部拘急
腹部拘急,纳差
腹部拘急,口苦
腹部拘急,腰痛
腹部拘急,尿浑浊
口苦,腰痛
腹痛,口唇发绀
肌肤甲错,尿痛
肌肤甲错,口唇发绀
肌肤甲错,尿黄
肌肤甲错,尿血
尿痛,口唇发绀
口唇发绀,尿黄
口唇发绀,尿血
口唇发绀,尿浑浊
尿痛,视力受损
尿痛,头痛
尿痛,视物模糊
咽干,尿血
耳鸣,尿痛
尿痛,下肢无力
尿痛,头晕
尿痛,盗汗
下肢无力,尿浑浊
头晕,尿浑浊
面赤,尿血
盗汗,尿血
月经先期,腰酸
月经先期,月经清稀
月经先期,消瘦
月经先期,月经色红
月经先期,目干
汗出,月经清稀
汗出,月经色红
耳鸣,月经清稀
月经清稀,消瘦
月经清稀,月经色红
月经清稀,目干
月经清稀,面赤
月经清稀,发热
月经清稀,便秘
月经清稀,盗汗
月经清稀,月经过多
消瘦,月经色红
月经色红,目干
月经色红,盗汗
目干,月经过多
月经先期,胸闷
月经先期,乳房胀
月经先期,月经稠
不寐,月经稠
胸闷,月经色红
月经色暗,月经色红
月经色暗,面赤
月经色暗,头痛
月经色红,乳房胀
月经色红,头痛
月经色红,月经稠
月经色红,口苦
口渴,月经稠
乳房胀,头痛
乳房胀,尿短
面赤,月经稠
头痛,月经稠
尿短,月经稠
尿短,月经过多
腹泻,白带量多
腹泻,经色浅淡
腹泻,月经清稀
肢肿,白带量多
肢肿,月经过多
肢肿,月经先期
肢肿,经色浅淡
肢肿,月经清稀
肢肿,恶寒
浮肿,经色浅淡
浮肿,月经清稀
腹痛,经色浅淡
自汗,白带量多
自汗,月经过多
自汗,月经先期
自汗,经色浅淡
自汗,月经清稀
乏力,经色浅淡
便溏,经色浅淡
呼吸急促,经色浅淡
白带量多,经色浅淡
白带量多,月经清稀
白带量多,面白
月经过多,经色浅淡
月经过多,恶寒
月经先期,经色浅淡
月经先期,恶寒
汗出,经色浅淡
少言,经色浅淡
经色浅淡,月经清稀
经色浅淡,恶寒
经色浅淡,纳差
经色浅淡,腹胀
经色浅淡,面白
月经清稀,纳差
月经清稀,腹胀
腹痛,反应迟钝
腰酸,月经错后
喜暖,反应迟钝
喜暖,月经清稀
喜暖,月经色暗
喜暖,月经错后
喜暖,白带清稀
喜暖,面暗
喜暖,月经过多
足冷,反应迟钝
足冷,月经清稀
足冷,月经错后
足冷,白带清稀
反应迟钝,月经清稀
反应迟钝,月经色暗
反应迟钝,月经错后
反应迟钝,白带清稀
反应迟钝,手冷
反应迟钝,尿频
反应迟钝,面暗
反应迟钝,便溏
反应迟钝,月经过多
月经清稀,月经色暗
月经清稀,月经错后
月经清稀,白带清稀
月经清稀,手冷
月经清稀,尿频
月经清稀,面暗
月经色暗,月经错后
月经色暗,白带清稀
月经色暗,尿频
月经错后,白带清稀
月经错后,手冷
月经错后,尿频
月经错后,面暗
月经错后,便溏
月经错后,月经过多
月经错后,面白
白带清稀,手冷
白带清稀,月经过多
尿频,月经过多
面暗,月经过多
乏力,月经臭
乏力,阴痒
乏力,月经色红
乏力,月经稠
带下臭秽,便溏
带下臭秽,月经色暗
带下臭秽,白带量多
带下臭秽,月经过多
带下臭秽,月经先期
带下臭秽,月经臭
带下臭秽,胸闷
带下臭秽,脘痞
带下臭秽,阴痒
带下臭秽,月经色红
带下臭秽,尿短
带下臭秽,面垢
带下臭秽,月经稠
便溏,月经臭
便溏,白带稠
便溏,阴痒
便溏,月经色红
便溏,月经稠
月经色暗,白带稠
月经色暗,脘痞
月经色暗,阴痒
月经色暗,面垢
白带量多,月经臭
白带量多,月经色红
白带量多,面垢
白带量多,月经稠
尿黄,白带稠
白带色黄,脘痞
白带色黄,月经色红
白带色黄,面垢
白带色黄,月经稠
月经过多,月经臭
月经过多,白带稠
月经过多,脘痞
月经过多,阴痒
月经过多,面垢
月经先期,白带稠
月经先期,脘痞
月经先期,阴痒
月经先期,面垢
月经臭,白带稠
月经臭,胸闷
月经臭,脘痞
月经臭,阴痒
月经臭,月经色红
月经臭,面垢
月经臭,纳差
月经臭,月经稠
月经臭,腹胀
白带稠,胸闷
白带稠,脘痞
白带稠,月经色红
白带稠,尿短
白带稠,面垢
白带稠,纳差
白带稠,月经稠
白带稠,腹胀
胸闷,面垢
脘痞,阴痒
脘痞,月经色红
脘痞,面垢
脘痞,月经稠
阴痒,月经色红
阴痒,尿短
阴痒,面垢
阴痒,纳差
阴痒,月经稠
月经色红,面垢
月经色红,纳差
月经色红,腹胀
面垢,月经稠
纳差,月经稠
关节痛,头胀
头昏沉,二便失禁
头昏沉,活动不利
头昏沉,健忘
头昏沉,表情呆滞
二便失禁,不寐
二便失禁,耳鸣
二便失禁,活动不利
二便失禁,健忘
二便失禁,头痛
二便失禁,头晕
二便失禁,表情呆滞
二便失禁,眩晕
耳鸣,表情呆滞
活动不利,眩晕
健忘,眩晕
头痛,表情呆滞
头痛,眩晕
头晕,表情呆滞
表情呆滞,眩晕
皮疹,经行有块
经行有块,皮肤斑块
腹痛,肢体麻木
腹痛,感觉异常
肢体麻木,月经色淡
肢体麻木,月经过多
月经色淡,感觉异常
月经过少,关节痛
月经过少,无汗
月经过少,头痛
月经过少,肢体痛
月经过少,鼻塞
腹痛,无汗
关节痛,月经不调
无汗,月经不调
月经不调,鼻塞
肢体麻木,经行有块
肢体麻木,下肢无力
肢体麻木,月经后期
肢体麻木,月经过少
全身不适,经行有块
全身不适,下肢无力
全身不适,月经后期
经行有块,下肢无力
经行有块,月经后期
经行有块,月经过少
经行有块,感觉异常
月经后期,感觉异常
白带淋漓不断,白带稠
白带淋漓不断,白带量多
白带淋漓不断,肢软
浮肿,白带稠
浮肿,肢软
腹胀,肢软
白带稠,肢软
足冷,腹冷
足冷,视力受损
足冷,白带量多
足冷,视物模糊
腰酸,腹冷
腹冷,视力受损
腹冷,白带清稀
腹冷,白带量多
腹冷,头晕
腹冷,视物模糊
视力受损,白带清稀
视力受损,手冷
白带清稀,视物模糊
手冷,白带量多
手冷,视物模糊
下肢无力,白带量多
白带量多,尿清
带下色白,阴痒
带下色白,阴痛
带下色白,带下豆腐渣状
阴痒,阴痛
阴痒,带下豆腐渣状
阴痛,带下豆腐渣状
恶心,白带稠
口淡,白带稠
口淡,白带量多
咳嗽,白带稠
白带稠,咳痰
气粗,鼻翼煽动
汗出,鼻翼煽动
鼻翼煽动,恶寒
胸高,唇干
胸高,口周青
胸高,颤抖
胸高,气喘
胸高,胁陷
胸高,便秘
呼吸困难,唇干
呼吸困难,口周青
呼吸困难,颤抖
呼吸困难,胁陷
喉中有痰,唇干
喉中有痰,口周青
喉中有痰,指纹紫
喉中有痰,胁陷
唇干,鼻翼煽动
唇干,口周青
唇干,指纹紫
唇干,尿黄
唇干,气喘
唇干,胁陷
鼻翼煽动,口周青
鼻翼煽动,尿黄
鼻翼煽动,颤抖
鼻翼煽动,气喘
鼻翼煽动,胁陷
鼻翼煽动,便秘
口周青,口渴
口周青,指纹紫
口周青,尿黄
口周青,颤抖
口周青,气喘
口周青,发热
口周青,胁陷
口周青,便秘
口渴,胁陷
指纹紫,颤抖
指纹紫,气喘
指纹紫,胁陷
尿黄,胁陷
颤抖,气喘
颤抖,胁陷
气喘,胁陷
发热,胁陷
胁陷,便秘
头昏沉,神情呆滞
头昏沉,面色不荣
头昏沉,肢体痿弱
神情呆滞,肢体痿弱
汗出,口周青
鼻翼煽动,呼吸急促
鼻翼煽动,面暗
鼻翼煽动,面白
口周青,呼吸急促
口周青,乏力
口周青,面暗
口周青,面白
汗出,少动
肥胖,自汗
肥胖,呼吸急促
肥胖,气喘
自汗,少动
呼吸急促,少动
少动,气喘
少动,腹胀
面色不荣,气喘
肥胖,头胀
头胀,便溏
头胀,嗜睡
口疮,肥胖
口疮,喜饮
口疮,多食
肥胖,喜饮
肥胖,牙痛
肥胖,面赤
肥胖,口臭
喜饮,牙痛
喜饮,多食
喜饮,口臭
牙痛,尿少
尿少,多食
尿少,口臭
面赤,多食
食而不化,肥胖
食而不化,尿频
食而不化,形寒
肥胖,面浮肿
肥胖,尿频
情绪不稳,面黑
情绪不稳,满月脸
胸痛,肥胖
胸痛,多食
胸痛,面黑
胸痛,满月脸
肥胖,胁胀
肥胖,面黑
肥胖,满月脸
胁胀,多食
胁胀,面黑
胁胀,满月脸
烦躁,面黑
烦躁,满月脸
多食,面黑
多食,满月脸
面黑,满月脸
肛门灼热,便血
肛门灼热,欲饮
肛门灼热,面赤
便血,欲饮
便血,尿短
喜暖,便血
便血,肢冷
便血,恶寒
耳鸣,便血
消瘦,便血
便血,头晕
便血,盗汗
肛门坠胀,胃脘不适
肛门坠胀,视力受损
肛门坠胀,头晕
肛门坠胀,视物模糊
不寐,胃脘不适
少言,胃脘不适
胃脘不适,便血
胃脘不适,视力受损
胃脘不适,呼吸急促
胃脘不适,头晕
胃脘不适,乏力
胃脘不适,心悸
胃脘不适,视物模糊
胃脘不适,面白
便血,视力受损
便血,视物模糊
血痂,不寐
血痂,视力受损
血痂,头晕
血痂,皮肤脱屑
血痂,面色不荣
血痂,皮肤干燥
血痂,皮肤瘙痒
血痂,心悸
血痂,视物模糊
血痂,抓痕
不寐,皮肤脱屑
不寐,抓痕
视力受损,抓痕
头晕,抓痕
皮肤脱屑,面色不荣
皮肤脱屑,心悸
皮肤脱屑,抓痕
面色不荣,抓痕
皮肤干燥,抓痕
皮肤瘙痒,抓痕
心悸,抓痕
视物模糊,抓痕
胁胀,面部斑块
嗳气,面部斑块
不喜饮,面部斑块
面部斑块,胸闷
腰酸,面部斑块
不寐,面部斑块
耳鸣,面部斑块
下肢无力,面部斑块
头晕,面部斑块
面部斑块,心悸
头昏沉,头汗
头昏沉,肢酸
情绪不稳,头汗
情绪不稳,肢酸
汗出,肢酸
头汗,咽痛
头汗,烦躁
头汗,肢酸
头汗,面赤
头汗,发热
头汗,纳差
头汗,胸闷
咽痛,肢酸
烦躁,肢酸
肢酸,面赤
肢酸,乏力
肢酸,尿黄
肢酸,发热
肢酸,纳差
肢酸,胸闷
耳痛,面赤
目痛,耳聋
目痛,健忘
目赤,健忘
汗出,下肢痛
耳聋,声低
声低,下肢痛
声低,肢体痛
声低,盗汗
声低,四肢痛
声低,腰痛
下肢痛,盗汗
盗汗,四肢痛
阳痿,多尿
腰酸,多尿
耳聋,多尿
耳聋,纳差
多尿,耳鸣
多尿,恶寒
多尿,遗精
多尿,纳差
多尿,尿清
多尿,面白
遗精,尿清
遗精,面白
情绪不稳,听力减退
耳聋,听力减退
耳聋,尿短
耳聋,心悸
不寐,听力减退
烦躁,听力减退
健忘,听力减退
健忘,尿短
听力减退,尿短
听力减退,盗汗
听力减退,心悸
耳聋,腹胀
耳聋,面黄
耳聋,便溏
头昏沉,耳聋
耳聋,脘痞
耳聋,咳嗽
耳聋,咳痰
耳聋,胸闷
脘痞,耳鸣
脘痞,听力减退
听力减退,胸闷
耳聋,胁胀
恶心,耳鸣
嗜卧,耳鸣
嗜卧,昏迷
耳鸣,昏迷
流鼻涕,健忘
流鼻涕,头胀
健忘,头胀
健忘,鼻塞
健忘,嗅觉减退
头胀,鼻塞
头胀,嗅觉减退
耳鸣,鼻臭
耳鸣,嗅觉减退
流鼻涕,视力受损
流鼻涕,视物模糊
视力受损,鼻塞
视力受损,鼻臭
视力受损,嗅觉减退
口苦,健忘
口苦,鼻臭
健忘,鼻臭
鼻塞,视物模糊
视物模糊,鼻臭
视物模糊,嗅觉减退
头昏沉,鼻胀闷
咳嗽,鼻胀闷
鼻胀闷,咳痰
鼻胀闷,流鼻涕
鼻胀闷,呼吸急促
鼻胀闷,头晕
鼻胀闷,乏力
鼻胀闷,纳差
鼻胀闷,鼻塞
鼻胀闷,便溏
咽痛,鼻臭
咽痛,嗅觉减退
鼻痒,鼻臭
鼻干,鼻臭
发热,鼻臭
鼻衄,无汗
咽痛,鼻衄
鼻痛,鼻衄
情绪不稳,鼻干
情绪不稳,鼻痛
易饥,鼻痛
烦躁,鼻干
烦躁,鼻痛
欲饮,鼻痛
欲饮,鼻衄
鼻痛,口臭
目赤,胸胁满
鼻衄,口苦
鼻衄,胸胁满
尿黄,胸胁满
口淡,鼻衄
口淡,面色不荣
呼吸急促,鼻衄
鼻衄,乏力
鼻衄,面色不荣
鼻衄,纳差
鼻衄,腹胀
鼻衄,心悸
鼻衄,少言
鼻衄,便溏
腰酸,鼻衄
视力受损,鼻衄
鼻衄,视物模糊
皮肤出血,汗出
皮肤出血,手撒
皮肤出血,昏迷
皮肤出血,肢冷
皮肤出血,鼻衄
皮肤出血,尿失禁
皮肤出血,气喘
皮肤出血,意识障碍
皮肤出血,面白
手撒,鼻衄
手撒,气喘
肢冷,鼻衄
鼻衄,尿失禁
鼻衄,气喘
鼻衄,面白
失嗅,咳嗽
失嗅,咳痰
失嗅,流鼻涕
失嗅,发热
失嗅,鼻塞
咽干,失嗅
失嗅,口苦
头昏沉,失嗅
头昏沉,大便不爽
失嗅,大便不爽
失嗅,纳差
失嗅,便溏
大便不爽,咳嗽
大便不爽,咳痰
大便不爽,流鼻涕
大便不爽,头痛
大便不爽,鼻塞
大便不爽,嗅觉减退
失嗅,呼吸急促
失嗅,头晕
失嗅,头胀
失嗅,少言
头胀,少言
头昏沉,皮疹
头昏沉,皮肤斑块
失嗅,皮疹
失嗅,皮肤斑块
皮疹,嗅觉减退
咳嗽,皮肤斑块
流鼻涕,皮肤斑块
皮肤斑块,鼻塞
皮肤斑块,嗅觉减退
失嗅,心悸
流鼻涕,心悸
心悸,嗅觉减退
胸闷,声哑
胸闷,声带充血
尿短,声带充血
声哑,声带肥厚
咽痛,声带肥厚
声带肥厚,咽干
目痛,眼睫成纽
目痛,流鼻涕
目痛,眉头肿胀
目赤,眼睫成纽
目赤,眉头肿胀
眼睫成纽,流鼻涕
眼睫成纽,目干
眼睫成纽,恶寒
眼睫成纽,畏光
眼睫成纽,怕热
眼睫成纽,鼻塞
眼睫成纽,眉头肿胀
眼睫成纽,眵多
流鼻涕,目干
流鼻涕,怕热
流鼻涕,眉头肿胀
流鼻涕,眵多
目干,恶寒
目干,怕热
目干,鼻塞
目干,眉头肿胀
恶寒,怕热
恶寒,眉头肿胀
畏光,眉头肿胀
怕热,鼻塞
怕热,眉头肿胀
怕热,眵多
鼻塞,眉头肿胀
鼻塞,眵多
眉头肿胀,眵多
目痛,眵少
眵少,恶寒
眵少,畏光
眵少,泪多
眵少,发热
目痛,自汗
目痛,毗角发紧
目眩,自汗
目眩,毗角发紧
汗出,流泪
汗出,畏光
汗出,毗角发紧
目赤,自汗
目赤,毗角发紧
自汗,流泪
自汗,畏光
自汗,毗角发紧
流泪,毗角发紧
畏光,毗角发紧
发热,毗角发紧
目痛,目喜垂闭
目眩,怕热
目眩,目喜垂闭
咽干,目喜垂闭
耳鸣,怕热
耳鸣,目喜垂闭
口渴,目喜垂闭
目干,目喜垂闭
头晕,目喜垂闭
畏光,目喜垂闭
恶寒,目喜垂闭
怕热,便溏
怕热,目喜垂闭
便溏,目喜垂闭
流泪,眼睑红肿
流泪,肢体痛
眼睑红肿,畏光
眼睑红肿,肢体痛
眼睑红肿,眼睑肿胀
畏光,肢体痛
眼睑肿胀,肿
眼睑肿胀,目浮肿
肿,目痒
肿,目浮肿
目痒,目浮肿
恶心,眼皮跳
目眩,眼皮跳
目眩,咳嗽
目眩,咳痰
目眩,嗜睡
眼皮跳,咳嗽
眼皮跳,咳痰
眼皮跳,视力受损
眼皮跳,呕吐
眼皮跳,胸闷
眼皮跳,视物模糊
眼皮跳,意识障碍
眼皮跳,嗜睡
视力受损,嗜睡
视物模糊,嗜睡
抑郁,目胀
目眩,唇色白
目眩,目闭
咽痛,下肢痛
咽痛,目干
咽痛,遗精
咽痛,四肢痛
阳痿,自汗
目眩,早泄
目眩,形寒
自汗,早泄
自汗,形寒
咽干,瞳神散大
瞳神散大,目干
目眩,眵结
目眩,滑精
目赤,瞳神散大
目赤,滑精
腰酸,眵结
耳聋,眵结
耳鸣,瞳神散大
耳鸣,眵结
瞳神散大,眵结
瞳神散大,滑精
瞳神散大,遗精
眵结,滑精
眵结,遗精
目痛,口流清涎
瞳神散大,发热
瞳神散大,口流清涎
目眩,嗳气
胁痛,瞳神散大
瞳神散大,嗳气
瞳神散大,面赤
嗳气,面赤
头昏沉,腹痛
头昏沉,胃寒
恶心,胃寒
脘痞,胃寒
头痛,胃寒
胃寒,胸闷
目痛,眼睑瘀血
目眩,眼睑瘀血
眼睑瘀血,瞳神散大
眼睑瘀血,头痛
眼睑瘀血,血灌瞳神
瞳神散大,血灌瞳神
目痛,头胀
目痛,黄仁肿胀
情绪不稳,黄仁肿胀
目赤,黄仁肿胀
目浑浊,胁痛
目浑浊,瞳神缩小
目浑浊,头胀
目浑浊,黄仁肿胀
目浑浊,口苦
胁痛,瞳神缩小
胁痛,畏光
胁痛,黄仁肿胀
烦躁,黄仁肿胀
口渴,黄仁肿胀
瞳神缩小,头胀
瞳神缩小,黄仁肿胀
头痛,黄仁肿胀
畏光,头胀
畏光,黄仁肿胀
尿黄,黄仁肿胀
头胀,黄仁肿胀
便秘,黄仁肿胀
黄仁肿胀,口苦
目眩,脘痞
不喜饮,目浑浊
不喜饮,瞳神缩小
汗出,目浑浊
汗出,瞳神缩小
脘痞,目浑浊
脘痞,瞳神缩小
目浑浊,头晕
目浑浊,乏力
目浑浊,胸闷
瞳神缩小,乏力
瞳神缩小,胸闷
咽干,目浑浊
目浑浊,耳鸣
目浑浊,下肢痛
目浑浊,目干
目浑浊,发热
目浑浊,肢体痛
目浑浊,盗汗
目浑浊,四肢痛
目浑浊,腰痛
下肢痛,瞳神缩小
瞳神缩小,发热
瞳神缩小,肢体痛
瞳神缩小,盗汗
瞳神缩小,四肢痛
瞳神缩小,腰痛
近视,目浑浊
近视,血灌瞳神
近视,瞳神边缘不齐
目浑浊,视力受损
目浑浊,血灌瞳神
目浑浊,视物模糊
视力受损,血灌瞳神
视力受损,瞳神边缘不齐
瞳神缩小,血灌瞳神
瞳神缩小,瞳神边缘不齐
血灌瞳神,瞳神边缘不齐
血灌瞳神,视物模糊
瞳神边缘不齐,视物模糊
谵语,失明
昏迷,失明
口渴,失明
失明,发热
失明,意识障碍
目痛,失明
目赤,失明
胁痛,失明
失明,头晕
失明,头痛
失明,面赤
汗出,飞蚊症
汗出,失明
飞蚊症,头晕
飞蚊症,面赤
飞蚊症,发热
飞蚊症,盗汗
飞蚊症,视物模糊
失明,盗汗
失明,心悸
失明,视物模糊
腰酸,视物变形
不寐,视物变形
汗出,视物变形
耳鸣,视物变形
视力受损,视物变形
口渴,视物变形
目干,视物变形
头晕,视物变形
视物变形,遗精
视物变形,发热
视物变形,盗汗
视物变形,视物模糊
爪白,头麻
头麻,头晕
头麻,面色不荣
头麻,心悸
情绪不稳,视物变形
胁胀,视物变形
烦躁,视物变形
头痛,视物变形
乳房胀,视物变形
乳房胀,目胀
视物变形,月经不调
视物变形,纳差
视物变形,目胀
月经不调,目胀
呼吸急促,视物变形
视物变形,乏力
视物变形,便溏
视力疲劳,健忘
视力疲劳,视物变形
不寐,目闭
目闭,健忘
目闭,视物变形
健忘,视物变形
视物变形,心悸
目痛,近视
目痛,脘痞
目痛,抑郁
目痛,嗳气
目痛,月经不调
目眩,近视
目眩,抑郁
咽干,嗳气
近视,脘痞
近视,胁胀
近视,抑郁
近视,嗳气
近视,月经不调
近视,胸闷
脘痞,月经不调
视力受损,嗳气
嗳气,月经不调
嗳气,视物模糊
头昏沉,近视
头昏沉,视物变形
近视,尿少
近视,视物变形
近视,尿黄
近视,纳差
近视,目沉
脘痞,视物变形
脘痞,目沉
尿少,视物变形
尿少,目沉
视物变形,尿黄
视物变形,胸闷
视物变形,目沉
尿黄,目沉
目沉,视物模糊
近视,耳鸣
近视,发热
目眩,视物变形
近视,汗出
肢冷,目干
肢冷,视物变形
尿短,头胀
恶心,头麻
脘痞,头麻
头麻,乏力
头麻,胸闷
头倾,呼吸急促
头倾,头重
头倾,纳差
头倾,面黄
头倾,便溏
头倾,少言
消瘦,头重
呼吸急促,头重
头重,面黄
头重,少言
阳痿,腰部无力
阳痿,头倾
阳痿,头不能上抬
腰酸,腰部无力
腰酸,头倾
腰酸,头不能上抬
腰部无力,耳聋
腰部无力,头倾
腰部无力,活动不利
腰部无力,遗精
腰部无力,头不能上抬
耳聋,头倾
耳聋,头不能上抬
头倾,耳鸣
头倾,活动不利
头倾,遗精
头倾,头不能上抬
耳鸣,头不能上抬
活动不利,头不能上抬
遗精,头不能上抬
项背僵直,活动不利
活动不利,无汗
头昏沉,关节痛
情绪不稳,手脚抽搐
项背僵直,谵语
项背僵直,尿黄
项背僵直,尿短
项背僵直,便秘
项背僵直,手脚抽搐
谵语,口噤
谵语,啮齿
谵语,手脚抽搐
烦躁,手脚抽搐
昏迷,啮齿
昏迷,手脚抽搐
尿黄,手脚抽搐
尿短,啮齿
尿短,手脚抽搐
啮齿,意识障碍
手脚抽搐,意识障碍
情绪不稳,苦笑面容
苦笑面容,烦躁
苦笑面容,抽搐
情绪不稳,颈粗
颈粗,胁胀
颈粗,胁痛
颈粗,烦躁
颈粗,胸闷
颈粗,咽肿
胁胀,咽肿
吞咽不利,颈粗
吞咽不利,皮肤色红
吞咽不利,皮色不变
吞咽不利,颈肿
呼吸困难,颈粗
呼吸困难,皮肤色红
呼吸困难,皮色不变
情绪不稳,颈肿
颈粗,皮肤色红
颈粗,皮色不变
颈粗,颈肿
皮肤色红,胁痛
皮肤色红,胸闷
皮肤色红,颈肿
胁痛,皮色不变
胁痛,颈肿
皮色不变,颈肿
烦躁,颈肿
胸闷,颈肿
自汗,梦遗
自汗,烦躁
自汗,颤抖
自汗,月经不调
自汗,目凸
自汗,颈肿
自汗,颈粗
自汗,颈部小
自汗,手抽搐
自汗,手足颤动
自汗,目干
盗汗,目凸
盗汗,颈肿
盗汗,颈粗
盗汗,颈部小
盗汗,手抽搐
梦遗,烦躁
梦遗,呼吸急促
梦遗,颤抖
梦遗,目凸
梦遗,颈肿
梦遗,情绪不稳
梦遗,颈粗
梦遗,颈部小
梦遗,手抽搐
梦遗,手足颤动
梦遗,抽搐
腰酸,目凸
腰酸,颈肿
腰酸,颈粗
腰酸,颈部小
腰酸,手抽搐
腰酸,手足颤动
烦躁,目凸
烦躁,颈部小
烦躁,手抽搐
呼吸急促,颤抖
呼吸急促,目凸
呼吸急促,颈肿
呼吸急促,颈粗
呼吸急促,颈部小
呼吸急促,手抽搐
呼吸急促,手足颤动
颤抖,月经不调
颤抖,目凸
颤抖,心悸
颤抖,颈肿
颤抖,颈粗
颤抖,颈部小
颤抖,手抽搐
月经不调,目凸
月经不调,颈肿
月经不调,颈粗
月经不调,颈部小
月经不调,手抽搐
月经不调,手足颤动
月经不调,抽搐
发热,目凸
发热,颈粗
发热,颈部小
发热,手抽搐
目凸,心悸
目凸,视物模糊
目凸,颈肿
目凸,情绪不稳
目凸,汗出
目凸,不寐
目凸,颈粗
目凸,颈部小
目凸,视力受损
目凸,手抽搐
目凸,手足颤动
目凸,抽搐
目凸,目干
目凸,头晕
目凸,面赤
心悸,颈肿
心悸,颈粗
心悸,颈部小
心悸,手抽搐
心悸,手足颤动
视物模糊,颈肿
视物模糊,颈粗
视物模糊,颈部小
视物模糊,手抽搐
视物模糊,手足颤动
颈肿,汗出
颈肿,不寐
颈肿,颈部小
颈肿,视力受损
颈肿,手抽搐
颈肿,手足颤动
颈肿,抽搐
颈肿,目干
颈肿,头晕
颈肿,面赤
情绪不稳,颈部小
情绪不稳,手抽搐
汗出,颈粗
汗出,颈部小
汗出,手抽搐
不寐,颈粗
不寐,颈部小
不寐,手抽搐
颈粗,颈部小
颈粗,视力受损
颈粗,手抽搐
颈粗,手足颤动
颈粗,抽搐
颈粗,目干
颈粗,头晕
颈粗,面赤
颈部小,视力受损
颈部小,手抽搐
颈部小,手足颤动
颈部小,抽搐
颈部小,目干
颈部小,头晕
颈部小,面赤
视力受损,手抽搐
视力受损,手足颤动
手抽搐,手足颤动
手抽搐,抽搐
手抽搐,目干
手抽搐,头晕
手抽搐,面赤
手足颤动,头晕
抽搐,目干
头昏沉,颈部痛
汗出,颈部痛
咽痛,颈部结核
咽痛,颈部痛
口渴,颈部结核
口渴,颈部痛
颈部结核,恶寒
颈部结核,发热
颈部结核,颈部痛
颈部痛,肩痛
视力受损,脑鸣
下肢无力,头痛
下肢无力,脑鸣
头痛,遗精
头痛,脑鸣
遗精,脑鸣
视物模糊,脑鸣
浮肿,不寐
浮肿,脑鸣
不寐,脑鸣
呼吸急促,脑鸣
健忘,脑鸣
乏力,脑鸣
纳差,脑鸣
心悸,脑鸣
脑鸣,便溏
头昏沉,头生肿物
头昏沉,脑鸣
恶心,头生肿物
恶心,肢酸
恶心,脑鸣
头生肿物,尿少
头生肿物,头晕
头生肿物,头痛
头生肿物,肢酸
头生肿物,乏力
头生肿物,尿黄
头生肿物,纳差
头生肿物,脑鸣
尿少,肢酸
尿少,脑鸣
头晕,肢酸
头痛,肢酸
肢酸,脑鸣
尿黄,脑鸣
情绪不稳,脑鸣
咽干,太息
咽干,脑鸣
太息,口苦
太息,脑鸣
胁胀,脑鸣
烦躁,脑鸣
胁痛,脑鸣
胸闷,脑鸣
口苦,脑鸣
目眩,须发白
目眩,听力减退
须发白,耳鸣
须发白,头晕
须发白,听力减退
须发白,尿频
情绪不稳,须发白
情绪不稳,头皮脱屑
情绪不稳,发白
须发白,不寐
须发白,头皮脱屑
须发白,消瘦
须发白,烦躁
须发白,心悸
不寐,头皮脱屑
不寐,发白
头皮脱屑,消瘦
头皮脱屑,烦躁
头皮脱屑,健忘
头皮脱屑,发白
头皮脱屑,心悸
烦躁,发白
健忘,发白
须发白,善太息
须发白,抑郁
须发白,纳差
须发白,胸胁满
纳差,胸胁满
不喜饮,尿血
咽干,颜面热
汗出,颜面热
不寐,颜面热
消瘦,颜面热
口渴,颜面热
头晕,颜面热
颜面热,面赤
颜面热,发热
颜面热,盗汗
咽干,喜热饮
口渴,喜热饮
下肢冷,喜热饮
面赤,喜热饮
喜热饮,发热
喜热饮,尿清
喜热饮,便溏
呕血,头痛
目痛,头昏沉
目痛,酒醉面容
头昏沉,酒醉面容
情绪不稳,酒醉面容
腰酸,酒醉面容
不寐,酒醉面容
耳鸣,酒醉面容
烦躁,酒醉面容
健忘,酒醉面容
头晕,酒醉面容
头痛,酒醉面容
面赤,酒醉面容
酒醉面容,心悸
酒醉面容,口苦
四肢麻木,健忘
四肢麻木,唇色白
唇甲淡白,唇色白
唇甲淡白,月经过少
健忘,唇色白
健忘,月经过少
健忘,感觉异常
唇色白,月经过少
口淡,喜热饮
浮肿,面色不荣
浮肿,喜热饮
不喜饮,少气
不喜饮,自汗
不喜饮,面浮肿
不喜饮,面色不荣
不喜饮,少言
汗出,面浮肿
少气,尿少
少气,面浮肿
少气,喜热饮
自汗,尿少
自汗,面浮肿
自汗,喜热饮
尿少,喜热饮
面浮肿,喜热饮
面浮肿,少言
面色不荣,喜热饮
喜热饮,少言
喜热饮,形寒
情绪不稳,饮少
恶心,饮少
尿少,饮少
烦躁,饮少
饮少,尿黄
饮少,胸闷
饮少,腹胀
口淡,踡卧
踡卧,腹痛
踡卧,喜暖
踡卧,不喜饮
踡卧,肢冷
踡卧,恶寒
踡卧,尿清
踡卧,便溏
踡卧,面白
无汗,气喘
头痛,气喘
气喘,鼻塞
踡卧,汗出
踡卧,冷汗
踡卧,乏力
踡卧,喜热饮
口臭,谵语
口臭,肢冷
口臭,面白
谵语,烦渴
谵语,面白
烦渴,喜冷
烦渴,恶热
烦渴,面白
喜冷,肢冷
喜冷,面白
肢冷,恶热
尿黄,面白
恶热,尿短
恶热,面白
尿短,面白
面青,无汗
口淡,面青
不喜饮,面青
浮肿,面青
浮肿,口唇发绀
浮肿,腰冷
浮肿,膝冷
腰酸,面青
腰酸,口唇发绀
腰酸,嗜睡
面青,尿少
面青,呼吸急促
面青,口唇发绀
面青,腰冷
面青,膝冷
面青,嗜睡
尿少,口唇发绀
尿少,腰冷
尿少,膝冷
尿少,心悸
尿少,嗜睡
呼吸急促,腰冷
呼吸急促,膝冷
口唇发绀,恶寒
口唇发绀,腰冷
口唇发绀,膝冷
口唇发绀,嗜睡
腰冷,胸闷
腰冷,心悸
腰冷,意识障碍
腰冷,嗜睡
膝冷,胸闷
膝冷,心悸
膝冷,意识障碍
膝冷,嗜睡
胸痛,肩痛
肩痛,面青
肩痛,胸闷
肩痛,心悸
面青,背痛
心悸,背痛
目上翻,项背僵直
目上翻,面青
目上翻,烦渴
项背僵直,面青
项背僵直,烦渴
面青,烦渴
面青,昏迷
面青,角弓反张
烦渴,角弓反张
烦渴,抽搐
阳痿,浮肿
浮肿,耳聋
浮肿,耳鸣
浮肿,面黑
耳聋,尿少
耳聋,面暗
耳聋,形寒
耳鸣,面暗
耳鸣,面黑
尿少,面暗
尿少,面黑
面暗,面黑
面黑,形寒
面黑,便溏
胸痛,气粗
胸痛,鼻翼煽动
鼻翼煽动,咽痛
鼻翼煽动,咳痰
腰酸,足无力
腰酸,耳轮焦干
发少,早泄
发少,足无力
发少,耳轮焦干
发少,面黑
耳鸣,足无力
耳鸣,耳轮焦干
早泄,齿松
早泄,足无力
早泄,耳轮焦干
早泄,精神恍惚
齿松,足无力
齿松,耳轮焦干
齿松,面黑
足无力,健忘
足无力,耳轮焦干
足无力,头晕
足无力,遗精
足无力,面黑
足无力,精神恍惚
健忘,耳轮焦干
健忘,面黑
耳轮焦干,头晕
耳轮焦干,遗精
耳轮焦干,面黑
耳轮焦干,精神恍惚
遗精,面黑
遗精,精神恍惚
面黑,精神恍惚
欲漱水,腹部肿块
欲漱水,肌肤甲错
欲漱水,口唇发绀
欲漱水,月经不调
欲漱水,发枯
腹部肿块,肌肤甲错
腹部肿块,口渴
腹部肿块,口唇发绀
腹部肿块,月经不调
腹部肿块,面黑
腹痛,发枯
肌肤甲错,皮肤斑块
肌肤甲错,月经不调
肌肤甲错,发枯
口渴,口唇发绀
口唇发绀,月经不调
口唇发绀,发枯
月经不调,发枯
月经不调,面黑
肢肿,声重
浮肿,声重
面黄,声重
声重,尿少
声重,乏力
声重,纳差
声重,便溏
闭经,声低
闭经,肢体麻木
闭经,唇色白
闭经,气短
不寐,气短
声低,月经不调
声低,气短
声低,月经过少
肢体麻木,月经不调
肢体麻木,气短
视力受损,气短
唇色白,气短
头晕,气短
感觉异常,气短
月经不调,气短
气短,月经过少
气短,面黄
气短,心悸
气短,视物模糊
汗出,肢体麻木
汗出,唇痛
汗出,颜面痛
肢体麻木,唇痛
肢体麻木,口渴
肢体麻木,鼻痛
肢体麻木,尿黄
肢体麻木,面赤
肢体麻木,颜面痛
唇痛,口渴
唇痛,鼻痛
唇痛,头晕
唇痛,尿黄
唇痛,面赤
唇痛,发热
唇痛,肢体痛
唇痛,胸闷
唇痛,感觉异常
唇痛,颜面痛
口渴,感觉异常
口渴,颜面痛
鼻痛,感觉异常
鼻痛,颜面痛
头晕,颜面痛
发热,颜面痛
肢体痛,颜面痛
感觉异常,颜面痛
昏迷,颜面痛
颜面痛,意识障碍
颜面痛,面白
情绪不稳,颜面痛
咽干,善太息
咽干,颜面痛
手足发热,胁胀
手足发热,善太息
手足发热,胸闷
手足发热,颜面痛
不寐,颜面痛
便秘,颜面痛
胁胀,面赤
胁胀,颜面痛
烦躁,颜面痛
善太息,颜面痛
颜面痛,口苦
声低,肌肤甲错
声低,恶寒
声低,颜面痛
声低,面暗
少气,肌肤甲错
少气,颜面痛
少气,面暗
少气,抽搐
自汗,颜面痛
自汗,面暗
肌肤甲错,恶寒
肌肤甲错,颜面痛
肌肤甲错,面暗
肌肤甲错,抽搐
肌肤甲错,少言
恶寒,颜面痛
颜面痛,面暗
颜面痛,抽搐
颜面痛,少言
抽搐,少言
耳聋,谵语
耳聋,昏迷
耳聋,颜面肿
耳聋,面肿
耳聋,饮冷
谵语,颜面肿
谵语,面肿
谵语,饮冷
咽痛,昏迷
咽痛,颜面肿
咽痛,意识障碍
咽痛,面肿
咽痛,饮冷
昏迷,颜面肿
口渴,颜面肿
颜面肿,面赤
颜面肿,意识障碍
颜面肿,面肿
颜面肿,饮冷
面肿,饮冷
汗出,烦渴
烦渴,尿少
尿少,恶热
咽痛,目肿
颜面肿,头痛
头痛,面肿
头痛,目肿
恶心,颜面肿
恶心,面肿
颜面肿,呕吐
颜面肿,便秘
呕吐,面肿
呼吸困难,面浮肿
浮肿,声低
声低,面浮肿
面浮肿,气喘
浮肿,消瘦
咽干,面垢
咽干,牙龈红肿
目赤,面垢
目赤,牙龈红肿
咽痛,面垢
咽痛,牙龈红肿
鼻干,面垢
鼻干,牙龈红肿
目干,面垢
目干,牙龈红肿
面垢,牙龈红肿
恶心,耳聋
耳聋,呕吐
耳聋,面垢
尿少,面垢
呕吐,面垢
腹痛,牙痛
腹痛,面垢
不喜饮,胃脘嘈杂
不喜饮,多食
不喜饮,口臭
牙痛,胃脘嘈杂
牙痛,面垢
胃脘嘈杂,面垢
面垢,多食
面垢,口臭
腰酸,面垢
耳鸣,面垢
消瘦,面垢
头晕,面垢
肢体强直,视力受损
肢体强直,头晕
肢体强直,乏力
肢体强直,面色不荣
肢体强直,视物模糊
肢体强直,面具脸
视力受损,面具脸
头晕,面具脸
乏力,面具脸
面色不荣,面具脸
视物模糊,面具脸
消瘦,颈项强直
消瘦,面具脸
头痛,颈项强直
头痛,面具脸
颈项强直,面具脸
汗出,尿不利
尿不利,关节痛
尿不利,肢体痛
不喜饮,足冷
不喜饮,阴缩
不喜饮,面具脸
足冷,阴缩
足冷,面具脸
肢体痛,阴缩
肢体痛,面具脸
口噤,关节痛
口噤,阴缩
口噤,面具脸
昏迷,阴缩
昏迷,面具脸
关节痛,阴缩
关节痛,面具脸
口渴,阴缩
口渴,面具脸
阴缩,恶寒
阴缩,发热
阴缩,意识障碍
阴缩,抽搐
阴缩,面具脸
恶寒,面具脸
发热,面具脸
意识障碍,面具脸
抽搐,面具脸
腰酸,头震颤
腰酸,面具脸
肢体麻木,头震颤
肢体麻木,面具脸
头震颤,视力受损
头震颤,感觉异常
头震颤,视物模糊
头震颤,面具脸
活动不利,面具脸
颤抖,面具脸
感觉异常,面具脸
耳鸣,面部抽搐
耳鸣,哭闹
面部抽搐,哭闹
头晕,哭闹
抽搐,哭闹
近视,面部抽搐
近视,抽搐
视力受损,面部抽搐
面部抽搐,视物模糊
流泪,面部抽搐
流泪,皮肤麻木
流泪,感觉异常
流泪,抽搐
面部抽搐,恶寒
面部抽搐,皮肤麻木
面部抽搐,鼻塞
面部抽搐,感觉异常
皮肤麻木,鼻塞
鼻塞,感觉异常
鼻塞,抽搐
不喜饮,颜面麻木
不喜饮,面部抽搐
颜面麻木,口渴
颜面麻木,面部抽搐
颜面麻木,头晕
颜面麻木,感觉异常
颜面麻木,面浮肿
颜面麻木,口流清涎
颜面麻木,抽搐
口渴,面部抽搐
口渴,面浮肿
面部抽搐,面浮肿
头晕,面浮肿
感觉异常,面浮肿
面浮肿,口流清涎
面浮肿,抽搐
颈项不舒,口眼歪斜
颈项不舒,颈项发紧
颈项不舒,头痛
颈项不舒,恶寒
颈项不舒,发热
颈项不舒,鼻塞
口眼歪斜,颈项发紧
口眼歪斜,鼻塞
颈项发紧,头痛
颈项发紧,恶寒
颈项发紧,发热
颈项发紧,鼻塞
头昏沉,耳痛
肢体麻木,耳痛
口眼歪斜,耳痛
耳痛,感觉异常
太息,口眼歪斜
太息,欲哭
太息,胸胁满
口眼歪斜,欲哭
口眼歪斜,胸胁满
欲哭,胸胁满
手脚抽搐,少气
手脚抽搐,面部松弛
手脚抽搐,口眼歪斜
手脚抽搐,目闭
手脚抽搐,少言
少气,面部松弛
少气,口眼歪斜
少气,目闭
面部松弛,口眼歪斜
面部松弛,目闭
面部松弛,抽搐
面部松弛,少言
口眼歪斜,少言
目闭,抽搐
喉中有痰,颜面麻木
喉中有痰,感觉异常
言语不利,颜面麻木
口眼歪斜,颜面麻木
项背僵直,足冷
项背僵直,目赤
项背僵直,手冷
项背僵直,唇燥
项背僵直,面赤
足冷,目赤
足冷,唇燥
足冷,便秘
目赤,手冷
口噤,唇燥
角弓反张,唇燥
手冷,唇燥
手冷,便秘
情绪不稳,拘挛
拘挛,消瘦
拘挛,口噤
拘挛,烦躁
拘挛,视力受损
拘挛,头晕
拘挛,啮齿
拘挛,视物模糊
消瘦,口噤
口噤,视力受损
口噤,头晕
口噤,视物模糊
视力受损,啮齿
啮齿,视物模糊
腹泻,面青
腹泻,口噤
腹泻,四肢震颤
腹泻,肢体拘急
腹泻,颤抖
腹痛,四肢震颤
腹痛,肢体拘急
腹痛,颤抖
面青,四肢震颤
面青,肢体拘急
面青,颤抖
口噤,四肢震颤
口噤,肢体拘急
肢冷,四肢震颤
肢冷,肢体拘急
四肢震颤,肢体拘急
四肢震颤,颤抖
肢体拘急,颤抖
晕厥,抽搐
口疮,唇疮
口疮,齿龈疮
口疮,饮冷
唇疮,口渴
唇疮,齿龈疮
唇疮,尿黄
唇疮,发热
唇疮,肢体痛
唇疮,便秘
唇疮,腮肿
唇疮,饮冷
口渴,齿龈疮
齿龈疮,尿黄
齿龈疮,发热
齿龈疮,肢体痛
齿龈疮,便秘
齿龈疮,腮肿
齿龈疮,饮冷
肢体痛,腮肿
腮肿,饮冷
口疮,疮疡
手足发热,疮疡
气粗,欲饮
欲饮,胸闷
口疮,呼吸急促
口疮,大便不调
口疮,肢软
口疮,少言
腹胀,疮疡
呼吸急促,疮疡
大便不调,肢软
大便不调,少言
大便不调,疮疡
肢软,疮疡
头痛,喜呕
尿黄,喜呕
纳差,喜呕
太息,目赤
太息,口渴
太息,欲饮
太息,头痛
太息,尿黄
太息,便秘
胁胀,口渴
胁胀,欲饮
胁痛,欲饮
口苦,欲饮
欲饮,头晕
欲饮,视物模糊
不寐,饮冷
尿痛,饮冷
口苦,饮冷
口甜,易饥
口甜,欲饮
口甜,口渴
口甜,尿黄
口甜,多食
口甜,便秘
欲饮,多食
口淡,口甜
口甜,口粘
口甜,脘痞
口甜,乏力
口甜,纳差
口甜,胸闷
口甜,便溏
口甜,大便不调
口甜,腹胀
欲饮,大便不调
口渴,大便不调
咽干,口咸
腰酸,呕吐
腰酸,口咸
不寐,口咸
耳鸣,口咸
口渴,口咸
头晕,口咸
呕吐,口咸
口咸,发热
腰部无力,肢冷
腰部无力,恶寒
腰部无力,口咸
呼吸急促,口咸
肢冷,口咸
恶寒,口咸
乏力,口咸
口咸,尿频
情绪不稳,心中懊𢙐
胸痛,口酸
胸痛,心中懊𢙐
性急,口酸
性急,心中懊𢙐
烦躁,心中懊𢙐
口酸,心中懊𢙐
口酸,面赤
头晕,心中懊𢙐
心中懊𢙐,面赤
心中懊𢙐,口苦
太息,口酸
太息,呕吐
太息,乏力
太息,便溏
脘痞,口酸
口酸,乏力
口酸,便溏
大便不爽,口酸
大便不爽,嗳气
口淡,尿不利
口粘,尿不利
不喜饮,食不知味
不喜饮,口涩
口粘,食不知味
口粘,口涩
口粘,口臭
便溏,食不知味
便溏,口涩
口渴,食不知味
口渴,口涩
食不知味,尿黄
食不知味,腹胀
食不知味,口涩
食不知味,口臭
尿黄,口涩
纳差,口涩
腹胀,口涩
口涩,口臭
不喜饮,胸膈痞满
咳嗽,胸膈痞满
胸膈痞满,咳痰
口疮,牙龈溃烂
牙龈溃烂,唇色红
牙龈溃烂,饮冷
胸痛,口臭
不喜饮,咳血
口臭,咳血
呕吐,咳血
大便利,口酸
大便利,嗳气
大便利,矢气
大便利,纳差
大便利,便秘
大便利,腹胀
大便利,口臭
口酸,矢气
矢气,纳差
矢气,便秘
矢气,腹胀
矢气,口臭
口淡,食不知味
呼吸急促,食不知味
食不知味,乏力
咽干,口淡
口淡,口渴
智力低下,呕吐
腹胀,饮冷
不喜饮,饮少
皮疹,饮少
谵语,饮少
浮肿,心下满
不喜饮,心下满
视力受损,心下满
口渴,心下满
头晕,心下满
呕吐,心下满
乏力,心下满
尿不利,心下满
腹胀,心下满
心悸,心下满
视物模糊,心下满
情绪不稳,无痰
咽干,皮肤干燥
咳嗽,唇燥
咳嗽,皮肤干燥
胁痛,鼻干
胁痛,唇燥
胁痛,无痰
胁痛,皮肤干燥
烦躁,无痰
鼻干,唇燥
鼻干,皮肤干燥
唇燥,无痰
无痰,便秘
无痰,皮肤干燥
视力受损,脐下悸动
视力受损,唾液粘稠
呼吸急促,脐下悸动
呼吸急促,唾液粘稠
脐下悸动,头晕
脐下悸动,唾液粘稠
脐下悸动,心悸
脐下悸动,视物模糊
脐下悸动,嗜睡
头晕,唾液粘稠
唾液粘稠,心悸
唾液粘稠,视物模糊
唾液粘稠,嗜睡
面黄,脘痞
面黄,唾液粘稠
脘痞,面色不荣
脘痞,唾液粘稠
少气,唾液粘稠
少气,嗜睡
乏力,唾液粘稠
面色不荣,唾液粘稠
纳差,唾液粘稠
唾液粘稠,便溏
唾液粘稠,少言
口眼歪斜,流泪
口眼歪斜,目不合
流泪,目不合
流泪,颜面麻木
流泪,口流清涎
目不合,颜面麻木
目不合,恶寒
目不合,感觉异常
目不合,口流清涎
颜面麻木,恶寒
腹泻,口流清涎
腹泻,精神恍惚
耳聋,表情呆滞
耳聋,尿失禁
耳聋,尿不尽
表情呆滞,尿失禁
表情呆滞,尿频
表情呆滞,尿不尽
头晕,尿不尽
尿频,口流清涎
口流清涎,尿不尽
皮肤色红,口唇颤动
皮肤色红,嘴唇颤动
皮肤色红,嘴唇发痒
皮肤色红,颤抖
口唇颤动,嘴唇颤动
口唇颤动,嘴唇发痒
口唇颤动,便秘
嘴唇颤动,嘴唇发痒
嘴唇颤动,颤抖
嘴唇颤动,便秘
嘴唇发痒,颤抖
嘴唇发痒,便秘
口唇颤动,唇燥
口唇颤动,唇痒
唇燥,颤抖
唇燥,唇痒
颤抖,唇痒
唇痒,便秘
易饥,口裂
易饥,口唇肿
口渴,口裂
口裂,唇燥
口裂,多食
口裂,便秘
口裂,口唇肿
口裂,口臭
唇燥,多食
唇燥,口唇肿
唇燥,口臭
多食,口唇肿
口唇肿,口臭
腹硬,肢体痛
唇色红,口唇发热
唇色红,口唇肿
口渴,口唇发热
便秘,口唇发热
口唇发热,饮冷
口唇肿,饮冷
口唇肿,唇上初结似豆
不食,口唇肿
足冷,面黑
腰酸,气喘
手冷,面黑
气喘,面黑
咳嗽,痰鸣
咳痰,张口抬肩
咳痰,口唇发绀
咳痰,痰鸣
不能平卧,张口抬肩
不能平卧,痰鸣
张口抬肩,痰鸣
口唇发绀,痰鸣
气喘,痰鸣
面青,胸胁满
呼吸急促,胸胁满
口唇发绀,胸胁满
胸闷,胸胁满
心悸,胸胁满
少气,唇色白
口淡,唇色白
口淡,唇色淡
不喜饮,唇色白
汗出,唇色白
汗出,唇色淡
自汗,唇色白
自汗,唇色淡
肢冷,唇色白
唇色白,唇色淡
唇色白,形寒
唇色淡,形寒
踡卧,唇色白
踡卧,唇色淡
腹痛,唇色淡
喜暖,唇色白
喜暖,唇色淡
唇色白,恶寒
唇色淡,尿清
情绪不稳,大便利
大便利,烦躁
大便利,尿清
大便利,皮肤瘙痒
消瘦,出血
消瘦,发斑
出血,发斑
情绪不稳,腹部拒按
情绪不稳,循衣摸床
汗出,腹部拒按
汗出,循衣摸床
谵语,欲饮
谵语,腹部拒按
腹硬,欲饮
腹硬,腹部拒按
烦躁,腹部拒按
烦躁,循衣摸床
欲饮,腹部拒按
欲饮,循衣摸床
口渴,循衣摸床
腹部拒按,恶热
腹部拒按,循衣摸床
恶热,循衣摸床
汗出,情绪焦虑
情绪焦虑,盗汗
情绪焦虑,皮肤干燥
盗汗,皮肤干燥
恶心,口唇发绀
言语不利,脘痞
言语不利,口唇发绀
言语不利,心悸
脘痞,口唇发绀
爪白,健忘
爪白,纳差
不喜饮,烦渴
脘痞,烦渴
烦渴,呼吸急促
烦渴,乏力
烦渴,胸闷
气逆,口渴
气逆,鼻干
气逆,无痰
气逆,尿黄
气逆,气喘
气逆,尿短
气逆,便秘
无痰,尿黄
无痰,气喘
无痰,尿短
耳聋,口眼歪斜
耳聋,齿燥
耳聋,手足蠕动
耳聋,心中懊𢙐
口眼歪斜,齿燥
口眼歪斜,心中懊𢙐
口眼歪斜,嗜睡
口渴,齿燥
齿燥,乏力
齿燥,心中懊𢙐
齿燥,嗜睡
手足蠕动,心中懊𢙐
手足蠕动,嗜睡
心中懊𢙐,抽搐
心中懊𢙐,意识障碍
心中懊𢙐,嗜睡
腹泻,言语不利
口淡,言语不利
腹痛,言语不利
不寐,言语不利
言语不利,不食
言语不利,坐卧不安
言语不利,面赤
言语不利,尿黄
言语不利,尿短
言语不利,口苦
不食,坐卧不安
情绪不稳,怠惰
情绪不稳,手部灼热
不喜饮,怠惰
不喜饮,喜冷
不喜饮,情绪焦虑
不喜饮,手部灼热
怠惰,喜冷
怠惰,情绪焦虑
怠惰,尿黄
怠惰,发热
怠惰,手部灼热
怠惰,尿短
怠惰,便秘
喜冷,情绪焦虑
喜冷,乏力
喜冷,手部灼热
情绪焦虑,手部灼热
尿黄,手部灼热
乏力,手部灼热
发热,手部灼热
手部灼热,尿短
手部灼热,便秘
不喜饮,肢体沉重
怠惰,腹胀
怠惰,肢体沉重
怠惰,尿清
怠惰,面黄
怠惰,便溏
腹胀,肢体沉重
肢体沉重,尿清
肢体沉重,面黄
肢体沉重,便溏
头昏沉,少气
头昏沉,少言
头昏沉,形寒
恶心,少气
恶心,形寒
下肢肿,面暗
下肢肿,面白
咳嗽,善喜
咳痰,善喜
尿黄,善喜
善喜,意识障碍
情绪不稳,阴囊缩
昏迷,阴囊缩
烦躁,阴囊缩
口唇发绀,阴囊缩
阴囊缩,意识障碍
吞咽不利,神志清楚
吞咽不利,气粗
吞咽不利,瘫痪
吞咽不利,口眼歪斜
吞咽不利,昏迷
吞咽不利,半身不遂
吞咽不利,意识障碍
神志清楚,喉中有痰
神志清楚,气粗
神志清楚,言语不利
神志清楚,瘫痪
神志清楚,口眼歪斜
神志清楚,口噤
神志清楚,昏迷
神志清楚,半身不遂
神志清楚,面赤
神志清楚,意识障碍
喉中有痰,气粗
气粗,言语不利
气粗,瘫痪
气粗,半身不遂
颜面麻木,纳差
言语不利,消瘦
言语不利,四肢颤抖
言语不利,抽搐
言语不利,肢体痿弱
消瘦,昏迷
消瘦,活动不利
消瘦,四肢颤抖
消瘦,肢体痿弱
昏迷,活动不利
昏迷,四肢颤抖
昏迷,肢体痿弱
活动不利,四肢颤抖
活动不利,意识障碍
四肢颤抖,头痛
四肢颤抖,抽搐
四肢颤抖,意识障碍
四肢颤抖,肢体痿弱
头痛,肢体痿弱
颤抖,肢体痿弱
抽搐,肢体痿弱
健忘,多饮
健忘,颤抖
健忘,手足颤动
多饮,颤抖
多饮,手足颤动
多饮,幻觉
颤抖,幻觉
面赤,幻觉
手足颤动,幻觉
自汗,易感冒
易感冒,恶寒
消瘦,声哑
纳差,声哑
口疮,唇燥
喜冷,唇燥
喜冷,大便臭
唇燥,大便臭
昏迷,头震颤
昏迷,醒后如人
头震颤,意识障碍
头震颤,口流清涎
头震颤,醒后如人
头震颤,目瞪
意识障碍,醒后如人
口流清涎,醒后如人
口流清涎,目瞪
抽搐,醒后如人
醒后如人,目瞪
口噤,手足躁扰
角弓反张,手足躁扰
发热,手足躁扰
手足躁扰,抽搐
晕厥,言语不利
晕厥,瘫痪
晕厥,半身不遂
晕厥,头痛
瘫痪,大便不爽
瘫痪,四肢麻木
瘫痪,口苦
大便不爽,四肢麻木
大便不爽,口眼歪斜
大便不爽,昏迷
大便不爽,视力受损
大便不爽,半身不遂
大便不爽,感觉异常
大便不爽,视物模糊
大便不爽,意识障碍
四肢麻木,口眼歪斜
四肢麻木,昏迷
四肢麻木,半身不遂
四肢麻木,意识障碍
口眼歪斜,口苦
半身不遂,口苦
不寐,尿不利
吞咽不利,手足发热
吞咽不利,视力受损
吞咽不利,视物模糊
梦遗,咽痛
梦遗,口渴
谵语,尿不利
昏迷,欲饮
欲饮,尿不利
欲饮,意识障碍
咽干,晕厥
咽干,性急
晕厥,耳聋
晕厥,性急
晕厥,耳鸣
晕厥,胁痛
晕厥,口苦
晕厥,尿黄
晕厥,便秘
耳聋,性急
性急,头痛
四肢痛,唇色红
四肢痛,烦躁
四肢痛,情绪不稳
四肢痛,健忘
四肢痛,面赤
唇色红,遗精
唇色红,下肢痛
烦躁,下肢痛
情绪不稳,下肢痛
健忘,下肢痛
下肢痛,面赤
爪白,皮肤出血
爪白,自汗
爪白,月经清稀
爪白,腹胀
爪白,月经色淡
爪白,便血
爪白,崩漏
爪白,便溏
爪白,少言
皮肤出血,自汗
皮肤出血,月经清稀
皮肤出血,腹胀
皮肤出血,月经色淡
皮肤出血,便血
皮肤出血,呼吸急促
皮肤出血,唇色白
皮肤出血,面色不荣
皮肤出血,纳差
皮肤出血,崩漏
皮肤出血,便溏
皮肤出血,少言
汗出,月经色淡
自汗,月经色淡
自汗,便血
自汗,崩漏
月经清稀,便血
月经清稀,唇色白
月经清稀,崩漏
月经色淡,便血
月经色淡,唇色白
唇色白,崩漏
面色不荣,崩漏
口淡,嗜卧
腹痛,嗜卧
不喜饮,嗜卧
嗜卧,面青
嗜卧,尿清
闭经,呼吸微弱
闭经,声音低
闭经,自汗
闭经,月经色淡
闭经,面色不荣
呼吸微弱,声音低
呼吸微弱,耳鸣
呼吸微弱,月经色淡
呼吸微弱,唇色白
呼吸微弱,头晕
呼吸微弱,面色不荣
呼吸微弱,月经过少
呼吸微弱,心悸
声音低,汗出
声音低,自汗
声音低,耳鸣
声音低,月经色淡
声音低,唇色白
声音低,头晕
声音低,乏力
声音低,面色不荣
声音低,月经过少
声音低,肢软
声音低,心悸
自汗,月经过少
自汗,肢软
耳鸣,月经色淡
耳鸣,唇色白
月经色淡,肢软
腹泻,神情呆滞
腹泻,膝冷
浮肿,神情呆滞
浮肿,完谷不化
神情呆滞,恶寒
神情呆滞,完谷不化
神情呆滞,尿清
神情呆滞,膝冷
恶寒,完谷不化
纳差,膝冷
完谷不化,尿清
完谷不化,膝冷
腹胀,膝冷
踡卧,手足紫绀
踡卧,呕吐
踡卧,下利
腹痛,手足紫绀
不喜饮,手足紫绀
不喜饮,下利
手足紫绀,恶寒
手足紫绀,呕吐
手足紫绀,下利
肌肤甲错,胸闷
胸闷,面黑
精神失常,呕血
足冷,嗜卧
嗜卧,下肢痛
嗜卧,手冷
嗜卧,肢体痛
嗜卧,四肢痛
嗜卧,腰痛
下肢痛,形寒
肢体痛,形寒
形寒,四肢痛
形寒,腰痛
阴寒内盛,腹痛
阴寒内盛,肢冷
阴寒内盛,口唇发绀
阴寒内盛,呕吐
阴寒内盛,颤抖
阴寒内盛,下利
阴寒内盛,爪甲青
阴寒内盛,足青
阴寒内盛,手青
腹痛,爪甲青
腹痛,足青
腹痛,手青
肢冷,爪甲青
肢冷,足青
肢冷,手青
口唇发绀,呕吐
口唇发绀,颤抖
口唇发绀,下利
口唇发绀,爪甲青
口唇发绀,足青
口唇发绀,手青
呕吐,爪甲青
呕吐,足青
呕吐,手青
颤抖,下利
颤抖,爪甲青
颤抖,足青
颤抖,手青
下利,爪甲青
下利,足青
下利,手青
爪甲青,足青
爪甲青,手青
足青,手青
消瘦,面暗
面暗,腹部肿块
恶心,唇紫
恶心,尿不利
唇紫,脘痞
唇紫,纳差
唇紫,尿不利
唇紫,口苦
脘痞,面赤
神情呆滞,尿少
神情呆滞,欲饮
神情呆滞,尿黄
神情呆滞,面赤
面青,少言
嗜卧,口渴
嗜卧,喜热饮
嗜卧,面色不荣
喜热饮,纳差
喜热饮,腹胀
咽干,肢体痿弱
腰酸,齿燥
汗出,齿燥
发少,齿燥
发少,听力减退
耳鸣,齿燥
消瘦,齿松
消瘦,齿燥
消瘦,听力减退
齿松,听力减退
齿松,面色不荣
视力受损,齿燥
视力受损,听力减退
头晕,齿燥
齿燥,听力减退
齿燥,面色不荣
齿燥,盗汗
齿燥,视物模糊
齿燥,肢体痿弱
听力减退,面色不荣
听力减退,视物模糊
听力减退,肢体痿弱
咽干,不饥不食
咽干,眼圈黑
咽干,全无津液
少气,不饥不食
少气,眼圈黑
少气,唇燥
少气,全无津液
不寐,不饥不食
不寐,眼圈黑
不寐,全无津液
不饥不食,声低
不饥不食,口渴
不饥不食,眼圈黑
不饥不食,乏力
不饥不食,唇燥
不饥不食,皮肤干燥
不饥不食,少言
不饥不食,全无津液
声低,眼圈黑
声低,唇燥
声低,全无津液
口渴,眼圈黑
口渴,全无津液
眼圈黑,乏力
眼圈黑,唇燥
眼圈黑,皮肤干燥
眼圈黑,少言
眼圈黑,全无津液
乏力,全无津液
唇燥,少言
唇燥,全无津液
皮肤干燥,全无津液
少言,全无津液
四肢麻木,纳差
四肢麻木,便溏
唇甲淡白,便溏
胸胁胀,发热
恶心,少津
恶心,噎膈
口渴,噎膈
食不知味,少津
食不知味,噎膈
少津,纳差
少津,腹胀
少津,噎膈
纳差,噎膈
便秘,噎膈
腹胀,噎膈
头昏沉,不可转侧
头昏沉,腰痛
不可转侧,无汗
不可转侧,头痛
不可转侧,恶寒
不可转侧,肢酸
无汗,肢酸
恶寒,肢酸
肢酸,肢体痛
肢酸,腰痛
腹痛,循衣摸床
腹部拒按,面赤
腹泻,气怯
腹泻,喜热饮
食而不化,气怯
食而不化,喜热饮
不喜饮,气怯
不喜饮,手冷
腹痛,气怯
气怯,足冷
气怯,手冷
气怯,喜热饮
气怯,形寒
足冷,喜热饮
手冷,喜热饮
喜热饮,面黄
面黄,形寒
肢软,胸胀
肢软,口渴
肢软,不喜饮
肢软,胃脘振水音
肢软,腹部拘急
肢软,肠鸣
肢软,脐下悸动
肢软,呕吐
肢软,尿短
胸胀,便溏
胸胀,呼吸急促
胸胀,胃脘振水音
胸胀,腹部拘急
胸胀,心悸
胸胀,视物模糊
胸胀,肠鸣
胸胀,视力受损
胸胀,尿少
胸胀,脐下悸动
胸胀,头晕
胸胀,呕吐
口渴,胃脘振水音
口渴,脐下悸动
乏力,胃脘振水音
乏力,腹部拘急
乏力,脐下悸动
便溏,胃脘振水音
便溏,腹部拘急
便溏,脐下悸动
不喜饮,胃脘振水音
不喜饮,腹部拘急
不喜饮,脐下悸动
呼吸急促,胃脘振水音
呼吸急促,腹部拘急
呼吸急促,肠鸣
胃脘振水音,腹部拘急
胃脘振水音,心悸
胃脘振水音,视物模糊
胃脘振水音,肠鸣
胃脘振水音,咳嗽
胃脘振水音,视力受损
胃脘振水音,消瘦
胃脘振水音,尿少
胃脘振水音,脐下悸动
胃脘振水音,头晕
胃脘振水音,呕吐
胃脘振水音,尿短
胃脘振水音,腹胀
腹部拘急,心悸
腹部拘急,视物模糊
腹部拘急,肠鸣
腹部拘急,咳嗽
腹部拘急,视力受损
腹部拘急,消瘦
腹部拘急,尿少
腹部拘急,脐下悸动
腹部拘急,头晕
腹部拘急,尿短
腹部拘急,腹胀
心悸,肠鸣
视物模糊,肠鸣
肠鸣,视力受损
肠鸣,消瘦
肠鸣,尿少
肠鸣,脐下悸动
肠鸣,头晕
肠鸣,腹胀
咳嗽,脐下悸动
消瘦,脐下悸动
尿少,脐下悸动
脐下悸动,呕吐
脐下悸动,尿短
脐下悸动,腹胀
咽干,欲漱水
咽干,皮肤肿块
咽干,面暗
咽干,肢体肿
欲漱水,皮肤肿块
欲漱水,肢体痛
欲漱水,面黄
欲漱水,皮肤干燥
欲漱水,肢体肿
肌肤甲错,皮肤肿块
肌肤甲错,面黄
肌肤甲错,肢体肿
口渴,皮肤肿块
口渴,肢体肿
皮肤肿块,发热
皮肤肿块,面暗
皮肤肿块,肢体痛
皮肤肿块,面黄
皮肤肿块,皮肤干燥
皮肤肿块,肢体肿
面暗,皮肤干燥
面暗,肢体肿
面黄,肢体肿
皮肤干燥,肢体肿
脘痞,唇燥
脘痞,面暗
唇燥,面暗
唇燥,胸闷
唇燥,面黄
唇燥,便溏
唇燥,口苦
尿黄,面暗
尿短,面暗
尿短,面黄
面暗,口苦
消渴,耳聋
消渴,不寐
消渴,耳鸣
消渴,健忘
消渴,头晕
消渴,尿短
消渴,心悸
脘痞,食臭
吞酸,肠鸣
吞酸,食臭
肠鸣,嗳气
肠鸣,食臭
嗳气,食臭
食臭,纳差
食臭,腹胀
食臭,便溏
喉中有痰,不得卧
喉中有痰,胸膈痞满
喉中有痰,咳血
呼吸困难,不得卧
呼吸困难,咳血
不得卧,咳嗽
不得卧,胸膈痞满
不得卧,咳痰
不得卧,咳血
胸膈痞满,咳血
恶心,胸院痞硬
恶心,饮冷
口渴,胸院痞硬
呕吐,胸院痞硬
呕吐,饮冷
面赤,胸院痞硬
发热,胸院痞硬
胸院痞硬,便秘
胸院痞硬,饮冷
头昏沉,厌油
头昏沉,黄疸
头昏沉,胸胁满
厌油,口苦
厌油,胸胁满
黄疸,胸胁满
便秘,胸胁满
腹胀,胸胁满
汗出,手足沉重
汗出,胀满
手足沉重,胀满
手足沉重,恶寒
手足沉重,呕吐
手足沉重,发热
胀满,恶寒
胀满,呕吐
胀满,发热
胀满,肢体痛
咀嚼无力,齿酸
恶寒,齿酸
齿酸,喜热饮
牙痛,牙龈宣露
齿松,牙龈宣露
齿松,便秘
齿松,口臭
牙龈宣露,牙龈红肿
牙龈宣露,便秘
牙龈宣露,口臭
腰酸,牙痛
腰酸,牙龈宣露
发少,牙痛
发少,牙龈宣露
耳鸣,牙龈宣露
头晕,牙龈宣露
齿燥,牙龈宣露
咀嚼无力,呼吸急促
齿松,呼吸急促
恶寒,牙龈红肿
饮冷,牙龈红肿
牙痛,盗汗
颌下痛,恶心
颌下痛,牙龈溃烂
颌下痛,牙痛
颌下痛,呕吐
颌下痛,牙龈红肿
颌下痛,唾液粘稠
颌下痛,口流清涎
恶心,牙龈溃烂
恶心,牙痛
恶心,牙龈红肿
恶心,唾液粘稠
牙龈溃烂,呕吐
牙龈溃烂,牙龈红肿
牙龈溃烂,肢体痛
牙龈溃烂,唾液粘稠
牙龈溃烂,口流清涎
牙痛,呕吐
牙痛,唾液粘稠
呕吐,牙龈红肿
呕吐,唾液粘稠
牙龈红肿,肢体痛
牙龈红肿,唾液粘稠
牙龈红肿,口流清涎
发热,唾液粘稠
肢体痛,唾液粘稠
肢体痛,口流清涎
便秘,唾液粘稠
唾液粘稠,口流清涎
情绪不稳,手足多汗
手足多汗,热结旁流
手足多汗,谵语
手足多汗,昏迷
手足多汗,烦躁
手足多汗,意识障碍
浮肿,肢体强直
浮肿,下肢痛
浮肿,无汗
浮肿,牙龈红肿
浮肿,四肢痛
浮肿,口苦
浮肿,口臭
牙龈溃烂,肢体强直
牙龈溃烂,尿少
牙龈溃烂,下肢痛
牙龈溃烂,活动不利
牙龈溃烂,无汗
牙龈溃烂,尿清
牙龈溃烂,四肢痛
牙龈溃烂,口苦
肢体强直,尿少
肢体强直,下肢痛
肢体强直,活动不利
肢体强直,口渴
肢体强直,无汗
肢体强直,牙龈红肿
肢体强直,尿清
肢体强直,四肢痛
肢体强直,口苦
肢体强直,口臭
尿少,下肢痛
尿少,活动不利
尿少,牙龈红肿
尿少,四肢痛
下肢痛,活动不利
下肢痛,无汗
下肢痛,牙龈红肿
下肢痛,尿清
下肢痛,口苦
下肢痛,口臭
活动不利,口渴
活动不利,牙龈红肿
活动不利,尿清
活动不利,四肢痛
活动不利,口苦
活动不利,口臭
无汗,牙龈红肿
无汗,口苦
无汗,口臭
牙龈红肿,四肢痛
牙龈红肿,口苦
尿清,口苦
尿清,口臭
四肢痛,口苦
四肢痛,口臭
腹泻,牙龈溃烂
腹泻,腮穿
腹泻,昏迷
腹泻,牙龈红肿
腹泻,面部结节
腹泻,鼻梁塌陷
腹泻,齿落
牙龈溃烂,面青
牙龈溃烂,腮穿
牙龈溃烂,昏迷
牙龈溃烂,恶寒
牙龈溃烂,气喘
牙龈溃烂,纳差
牙龈溃烂,面部结节
牙龈溃烂,鼻梁塌陷
牙龈溃烂,意识障碍
牙龈溃烂,齿落
面青,腮穿
面青,气喘
面青,牙龈红肿
面青,面部结节
面青,鼻梁塌陷
面青,齿落
腮穿,昏迷
腮穿,恶寒
腮穿,气喘
腮穿,牙龈红肿
腮穿,纳差
腮穿,发热
腮穿,面部结节
腮穿,鼻梁塌陷
腮穿,意识障碍
腮穿,齿落
昏迷,牙龈红肿
昏迷,面部结节
昏迷,齿落
恶寒,面部结节
恶寒,齿落
气喘,牙龈红肿
气喘,面部结节
气喘,鼻梁塌陷
气喘,齿落
牙龈红肿,纳差
牙龈红肿,面部结节
牙龈红肿,鼻梁塌陷
牙龈红肿,意识障碍
牙龈红肿,齿落
纳差,面部结节
纳差,齿落
发热,面部结节
发热,齿落
面部结节,鼻梁塌陷
面部结节,意识障碍
面部结节,齿落
鼻梁塌陷,齿落
意识障碍,齿落
牙龈出血,月经色红
牙痛,月经色红
喜冷,月经色红
月经色红,牙龈红肿
月经色红,口臭
牙龈出血,齿松
牙龈出血,皮肤出血
牙龈出血,牙龈淡
皮肤出血,皮疹
皮肤出血,皮肤斑块
皮肤出血,牙龈淡
皮疹,牙龈淡
皮肤斑块,牙龈淡
喜冷,牙根宣露
喜冷,牙龈萎缩
牙根宣露,牙龈萎缩
牙根宣露,口渴
牙根宣露,便秘
牙根宣露,口臭
牙龈萎缩,口渴
牙龈萎缩,便秘
牙龈萎缩,口臭
手足发热,牙龈溃烂
手足发热,齿松
手足发热,牙龈萎缩
手足发热,牙根宣露
腰酸,牙龈溃烂
腰酸,牙龈萎缩
腰酸,牙根宣露
牙龈溃烂,耳鸣
牙龈溃烂,齿松
牙龈溃烂,牙龈萎缩
牙龈溃烂,牙根宣露
牙龈溃烂,头晕
耳鸣,牙龈萎缩
耳鸣,牙根宣露
齿松,牙根宣露
牙龈萎缩,头晕
牙根宣露,头晕
牙根宣露,发热
目眩,牙龈萎缩
牙龈萎缩,乏力
齿黑,口渴
齿黑,手足蠕动
咽干,齿黑
不寐,齿黑
齿黑,便秘
齿黑,腹胀
腰酸,齿黑
腰酸,齿黄
发少,齿黑
发少,齿黄
齿黑,齿松
齿黑,齿黄
齿黑,齿燥
齿松,齿黄
齿黄,齿燥
四肢痛,关节不利
关节痛,形寒
肌肉挛急,关节变形
肌肉挛急,关节痛
肌肉挛急,皮肤麻木
肌肉挛急,肢体痛
肌肉挛急,关节酸楚
肌肉挛急,感觉异常
肌肉挛急,四肢痛
肌肉挛急,关节不利
关节变形,皮肤麻木
关节变形,关节酸楚
关节变形,四肢痛
关节痛,关节酸楚
皮肤麻木,关节酸楚
皮肤麻木,四肢痛
皮肤麻木,关节不利
肢体痛,关节酸楚
关节酸楚,感觉异常
关节酸楚,四肢痛
关节酸楚,关节不利
关节肿胀,四肢痛
皮肤结节,四肢痛
皮肤结节,尿黄
皮肤结节,乏力
皮肤结节,尿浑浊
皮肤结节,关节肿胀
皮肤结节,关节不利
四肢痛,尿黄
四肢痛,尿浑浊
尿黄,关节肿胀
尿浑浊,关节肿胀
尿浑浊,关节不利
汗出,关节变形
少气,关节变形
少气,昏迷
少气,关节不利
自汗,关节变形
自汗,四肢痛
自汗,关节不利
关节变形,肌肤甲错
关节变形,唇甲淡白
关节变形,消瘦
关节变形,昏迷
关节变形,头晕
关节变形,恶寒
关节变形,乏力
关节变形,少言
关节变形,意识障碍
关节变形,面白
肌肤甲错,唇甲淡白
肌肤甲错,关节痛
肌肤甲错,昏迷
肌肤甲错,头晕
肌肤甲错,乏力
肌肤甲错,四肢痛
肌肤甲错,意识障碍
肌肤甲错,关节不利
肌肤甲错,面白
唇甲淡白,恶寒
唇甲淡白,关节不利
昏迷,少言
昏迷,关节不利
少言,关节不利
意识障碍,关节不利
浮肿,爪甲枯
浮肿,唇色红
浮肿,齿松
浮肿,爪甲薄
浮肿,关节松弛
浮肿,关节喜凉
浮肿,遗精
浮肿,面赤
浮肿,关节发热
浮肿,关节不利
足冷,爪甲枯
足冷,发少
足冷,唇色红
足冷,齿松
足冷,爪甲薄
足冷,关节松弛
足冷,关节喜凉
足冷,耳聋
足冷,遗精
足冷,关节发热
足冷,关节不利
爪甲枯,四肢痛
爪甲枯,便溏
爪甲枯,阳痿
爪甲枯,腰酸
爪甲枯,发少
爪甲枯,唇色红
爪甲枯,齿松
爪甲枯,手冷
爪甲枯,关节痛
爪甲枯,关节松弛
爪甲枯,关节喜凉
爪甲枯,耳聋
爪甲枯,遗精
爪甲枯,尿清
爪甲枯,肢体痛
爪甲枯,关节发热
爪甲枯,关节不利
乏力,关节松弛
乏力,关节喜凉
乏力,关节发热
四肢痛,阳痿
四肢痛,发少
四肢痛,齿松
四肢痛,爪甲薄
四肢痛,关节松弛
四肢痛,关节喜凉
四肢痛,关节发热
便溏,唇色红
便溏,齿松
便溏,爪甲薄
便溏,关节喜凉
便溏,关节发热
阳痿,唇色红
阳痿,爪甲薄
阳痿,关节松弛
阳痿,关节喜凉
阳痿,面赤
阳痿,关节发热
阳痿,关节不利
腰酸,爪甲薄
腰酸,关节喜凉
腰酸,关节发热
发少,手冷
发少,爪甲薄
发少,关节松弛
发少,关节喜凉
发少,尿清
发少,关节发热
发少,关节不利
唇色红,手冷
唇色红,关节痛
唇色红,爪甲薄
唇色红,关节松弛
唇色红,关节喜凉
唇色红,耳聋
唇色红,关节发热
唇色红,关节不利
齿松,手冷
齿松,爪甲薄
齿松,关节松弛
齿松,关节喜凉
齿松,关节发热
齿松,关节不利
手冷,爪甲薄
手冷,关节松弛
手冷,关节喜凉
手冷,耳聋
手冷,遗精
手冷,关节发热
手冷,关节不利
关节痛,爪甲薄
关节痛,关节喜凉
关节痛,关节发热
爪甲薄,关节松弛
爪甲薄,关节喜凉
爪甲薄,耳聋
爪甲薄,遗精
爪甲薄,尿清
爪甲薄,肢体痛
爪甲薄,关节发热
爪甲薄,关节不利
关节松弛,关节喜凉
关节松弛,耳聋
关节松弛,遗精
关节松弛,关节发热
关节喜凉,耳聋
关节喜凉,遗精
关节喜凉,尿清
关节喜凉,头晕
关节喜凉,面赤
关节喜凉,肢体痛
关节喜凉,关节发热
关节喜凉,关节不利
耳聋,关节发热
耳聋,关节不利
遗精,关节发热
遗精,关节不利
尿清,关节发热
头晕,关节发热
面赤,关节发热
肢体痛,关节发热
关节发热,关节不利
足外翻,声低
足外翻,少气
足外翻,消瘦
足外翻,足背弓形
足外翻,乏力
足外翻,步态异常
足外翻,内收足
足外翻,纳差
足外翻,肢软
足外翻,少言
足外翻,上肢无力
足外翻,鸭行步态
足外翻,面白
声低,足背弓形
声低,步态异常
声低,内收足
声低,上肢无力
声低,鸭行步态
少气,足背弓形
少气,步态异常
少气,内收足
少气,肢软
少气,上肢无力
少气,鸭行步态
消瘦,足背弓形
消瘦,步态异常
消瘦,内收足
消瘦,上肢无力
消瘦,鸭行步态
足背弓形,乏力
足背弓形,步态异常
足背弓形,内收足
足背弓形,纳差
足背弓形,肢软
足背弓形,少言
足背弓形,上肢无力
足背弓形,鸭行步态
足背弓形,面白
乏力,步态异常
乏力,内收足
乏力,上肢无力
乏力,鸭行步态
步态异常,内收足
步态异常,纳差
步态异常,肢软
步态异常,少言
步态异常,上肢无力
步态异常,鸭行步态
步态异常,面白
内收足,纳差
内收足,肢软
内收足,少言
内收足,上肢无力
内收足,鸭行步态
内收足,面白
纳差,上肢无力
纳差,鸭行步态
肢软,上肢无力
肢软,鸭行步态
少言,上肢无力
少言,鸭行步态
上肢无力,鸭行步态
上肢无力,面白
鸭行步态,面白
汗出,热退
少气,热退
自汗,热退
热退,乏力
热退,发热
热退,肢软
热退,少言
热退,面白
智力低下,足不能立
智力低下,五迟
手不能举,足不能立
手不能举,五软
手不能举,五迟
消瘦,足不能立
消瘦,五软
消瘦,五迟
发育迟缓,足不能立
发育迟缓,五迟
足不能立,五软
足不能立,五迟
足不能立,肢软
五软,五迟
五软,肢软
五迟,肢软
吞咽不利,目眩
吞咽不利,消瘦
吞咽不利,活动不利
吞咽不利,下肢无力
吞咽不利,四肢颤抖
吞咽不利,颤抖
吞咽不利,肢软
吞咽不利,筋肉跳动
目眩,消瘦
目眩,四肢颤抖
目眩,肢软
目眩,筋肉跳动
言语不利,肢软
言语不利,筋肉跳动
不寐,四肢颤抖
不寐,筋肉跳动
消瘦,筋肉跳动
活动不利,肢软
活动不利,筋肉跳动
下肢无力,四肢颤抖
下肢无力,颤抖
下肢无力,肢软
下肢无力,筋肉跳动
四肢颤抖,肢软
四肢颤抖,筋肉跳动
颤抖,肢软
颤抖,筋肉跳动
发热,筋肉跳动
肢软,筋肉跳动
阳痿,身冷
阳痿,下肢无力
阳痿,肢软
腰酸,身冷
耳聋,身冷
耳聋,下肢无力
耳聋,肢软
耳鸣,身冷
消瘦,身冷
消瘦,遗精
消瘦,形寒
身冷,下肢无力
身冷,遗精
身冷,尿清
身冷,肢软
身冷,便溏
身冷,形寒
遗精,肢软
浮肿,皮肤色红
浮肿,皮肤油亮
浮肿,关节肿胀
皮肤色红,关节痛
皮肤色红,关节肿胀
皮肤油亮,关节痛
皮肤油亮,恶寒
皮肤油亮,肢体痛
皮肤油亮,关节肿胀
皮肤色白,浮肿
皮肤色白,善太息
皮肤色白,胸胁胀
浮肿,瘫痪
浮肿,半身不遂
浮肿,下肢肿胀
足冷,肢体麻木
足冷,下肢肿胀
瘫痪,皮疹
瘫痪,皮肤斑块
瘫痪,下肢肿胀
皮疹,肢体麻木
皮疹,半身不遂
皮疹,下肢肿胀
肢体麻木,手冷
肢体麻木,皮肤斑块
肢体麻木,下肢肿胀
半身不遂,皮肤斑块
半身不遂,下肢肿胀
手冷,下肢肿胀
下肢无力,下肢肿胀
皮肤斑块,下肢肿胀
下肢肿胀,感觉异常
肢体强直,消瘦
肢体强直,关节肿胀
肢体强直,关节痛
肢体强直,关节不利
消瘦,关节肿胀
肢体强直,角弓反张
肢体强直,恶寒
肢体强直,发热
角弓反张,关节痛
情绪不稳,早热暮凉
情绪不稳,暮热早凉
早热暮凉,烦躁
早热暮凉,欲饮
早热暮凉,口渴
早热暮凉,乏力
早热暮凉,发热
早热暮凉,纳差
早热暮凉,暮热早凉
烦躁,暮热早凉
欲饮,暮热早凉
口渴,暮热早凉
乏力,暮热早凉
纳差,暮热早凉
肢体强直,皮疹
肢体强直,皮肤斑块
皮疹,关节肿胀
皮肤斑块,关节肿胀
喉中有痰,颈项强直
气粗,肢体强直
肢体强直,面赤
肢体强直,颈项强直
情绪不稳,手屈曲
情绪不稳,手指并拢
情绪不稳,四肢过伸
气粗,手屈曲
气粗,耳鸣
气粗,手指并拢
气粗,视力受损
气粗,四肢过伸
气粗,头晕
气粗,视物模糊
目赤,肢体强直
目赤,手屈曲
目赤,手指并拢
目赤,四肢过伸
瘫痪,手屈曲
瘫痪,手指并拢
瘫痪,四肢过伸
肢体强直,手屈曲
肢体强直,耳鸣
肢体强直,手指并拢
肢体强直,四肢过伸
手屈曲,耳鸣
手屈曲,烦躁
手屈曲,手指并拢
手屈曲,视力受损
手屈曲,半身不遂
手屈曲,四肢过伸
手屈曲,头晕
手屈曲,头痛
手屈曲,面赤
手屈曲,抽搐
手屈曲,视物模糊
手屈曲,意识障碍
耳鸣,手指并拢
耳鸣,四肢过伸
烦躁,手指并拢
烦躁,四肢过伸
手指并拢,视力受损
手指并拢,半身不遂
手指并拢,四肢过伸
手指并拢,头晕
手指并拢,头痛
手指并拢,面赤
手指并拢,抽搐
手指并拢,视物模糊
手指并拢,意识障碍
视力受损,四肢过伸
半身不遂,四肢过伸
四肢过伸,头晕
四肢过伸,头痛
四肢过伸,面赤
四肢过伸,抽搐
四肢过伸,视物模糊
四肢过伸,意识障碍
吞咽不利,手屈曲
吞咽不利,耳鸣
吞咽不利,哭笑无常
吞咽不利,健忘
吞咽不利,下肢僵硬
情绪不稳,下肢僵硬
智力低下,手屈曲
智力低下,下肢僵硬
肢体强直,不寐
肢体强直,昏迷
肢体强直,神情呆滞
肢体强直,哭笑无常
肢体强直,健忘
肢体强直,下肢僵硬
不寐,手屈曲
不寐,下肢僵硬
手屈曲,昏迷
手屈曲,神情呆滞
手屈曲,哭笑无常
手屈曲,健忘
手屈曲,下肢僵硬
耳鸣,下肢僵硬
昏迷,哭笑无常
昏迷,下肢僵硬
烦躁,哭笑无常
烦躁,下肢僵硬
神情呆滞,视力受损
神情呆滞,哭笑无常
神情呆滞,下肢僵硬
神情呆滞,视物模糊
视力受损,哭笑无常
视力受损,下肢僵硬
哭笑无常,健忘
哭笑无常,下肢僵硬
哭笑无常,视物模糊
哭笑无常,意识障碍
健忘,下肢僵硬
头晕,下肢僵硬
下肢僵硬,视物模糊
下肢僵硬,意识障碍
大便失禁,皮疹
大便失禁,自汗
大便失禁,肌肤甲错
大便失禁,皮肤斑块
大便失禁,目开
大便失禁,关节不利
汗出,肢体强直
汗出,言语不利
汗出,目开
肢体强直,自汗
肢体强直,肌肤甲错
肢体强直,目开
肢体强直,面白
皮疹,言语不利
皮疹,尿失禁
皮疹,目开
言语不利,自汗
言语不利,肌肤甲错
言语不利,皮肤斑块
言语不利,目开
言语不利,关节不利
自汗,尿失禁
自汗,目开
肌肤甲错,尿失禁
肌肤甲错,目开
昏迷,目开
皮肤斑块,尿失禁
皮肤斑块,目开
尿失禁,目开
尿失禁,关节不利
意识障碍,目开
目开,关节不利
目开,面白
大便失禁,少语
肢体强直,肢冷
肢体强直,少语
视力受损,少语
尿失禁,少语
少语,视物模糊
脘痞,肌肉重着
脘痞,关节痛
脘痞,关节重着
脘痞,面浮肿
脘痞,抽搐
脘痞,面黑
脘痞,关节不利
肌肉重着,昏迷
肌肉重着,关节痛
肌肉重着,肢冷
肌肉重着,关节重着
肌肉重着,乏力
肌肉重着,面浮肿
肌肉重着,抽搐
肌肉重着,纳差
肌肉重着,肢体痛
肌肉重着,面黑
肌肉重着,意识障碍
肌肉重着,关节不利
昏迷,关节重着
昏迷,面黑
关节痛,关节重着
关节痛,面浮肿
关节痛,面黑
肢冷,关节重着
关节重着,乏力
关节重着,面浮肿
关节重着,抽搐
关节重着,纳差
关节重着,肢体痛
关节重着,面黑
关节重着,意识障碍
关节重着,关节不利
面浮肿,肢体痛
面浮肿,面黑
面浮肿,关节不利
抽搐,关节不利
纳差,面黑
面黑,意识障碍
面黑,关节不利
头昏沉,手足发热
头昏沉,足冷
头昏沉,手冷
手足发热,足冷
手足发热,脘痞
手足发热,手冷
目上翻,咽干
目上翻,唇色红
目上翻,尿少
目上翻,头震颤
咽干,颈项强直
唇色红,谵语
唇色红,头震颤
唇色红,颈项强直
谵语,尿少
谵语,头震颤
尿少,头震颤
尿少,颈项强直
头震颤,尿黄
头震颤,便秘
头震颤,颈项强直
咽干,腹部肿块
咽干,漱水不欲咽
腹部肿块,视力受损
腹部肿块,漱水不欲咽
腹部肿块,视物模糊
肌肤甲错,视力受损
肌肤甲错,漱水不欲咽
肌肤甲错,视物模糊
视力受损,漱水不欲咽
发热,漱水不欲咽
漱水不欲咽,视物模糊
腹泻,抽搐
目眩,爪白
目眩,皮肤麻木
爪白,皮肤麻木
耳鸣,皮肤麻木
头晕,皮肤麻木
吞咽不利,碰伤手足
吞咽不利,手不能握
吞咽不利,不能自制
吞咽不利,辗转反侧
吞咽不利,躯干扭动
吞咽不利,足不能立
吞咽不利,手舞足蹈
吞咽不利,四肢扭动
吞咽不利,眼扭动
吞咽不利,抽搐
吞咽不利,口唇肿
碰伤手足,手不能握
碰伤手足,言语不利
碰伤手足,不能自制
碰伤手足,辗转反侧
碰伤手足,躯干扭动
碰伤手足,足不能立
碰伤手足,活动不利
碰伤手足,手舞足蹈
碰伤手足,恶寒
碰伤手足,四肢扭动
碰伤手足,发热
碰伤手足,眼扭动
碰伤手足,抽搐
碰伤手足,口唇肿
手不能握,言语不利
手不能握,不能自制
手不能握,辗转反侧
手不能握,躯干扭动
手不能握,足不能立
手不能握,活动不利
手不能握,手舞足蹈
手不能握,恶寒
手不能握,四肢扭动
手不能握,发热
手不能握,眼扭动
手不能握,抽搐
手不能握,口唇肿
言语不利,不能自制
言语不利,辗转反侧
言语不利,躯干扭动
言语不利,足不能立
言语不利,手舞足蹈
言语不利,四肢扭动
言语不利,眼扭动
言语不利,口唇肿
不能自制,辗转反侧
不能自制,躯干扭动
不能自制,足不能立
不能自制,活动不利
不能自制,手舞足蹈
不能自制,恶寒
不能自制,四肢扭动
不能自制,发热
不能自制,眼扭动
不能自制,抽搐
不能自制,口唇肿
辗转反侧,躯干扭动
辗转反侧,足不能立
辗转反侧,活动不利
辗转反侧,手舞足蹈
辗转反侧,恶寒
辗转反侧,四肢扭动
辗转反侧,发热
辗转反侧,眼扭动
辗转反侧,抽搐
辗转反侧,口唇肿
躯干扭动,足不能立
躯干扭动,活动不利
躯干扭动,手舞足蹈
躯干扭动,恶寒
躯干扭动,四肢扭动
躯干扭动,发热
躯干扭动,眼扭动
躯干扭动,抽搐
躯干扭动,口唇肿
足不能立,活动不利
足不能立,手舞足蹈
足不能立,恶寒
足不能立,四肢扭动
足不能立,发热
足不能立,眼扭动
足不能立,抽搐
足不能立,口唇肿
活动不利,四肢扭动
活动不利,眼扭动
活动不利,口唇肿
手舞足蹈,恶寒
手舞足蹈,四肢扭动
手舞足蹈,眼扭动
手舞足蹈,口唇肿
恶寒,四肢扭动
恶寒,眼扭动
四肢扭动,发热
四肢扭动,眼扭动
四肢扭动,抽搐
四肢扭动,口唇肿
发热,眼扭动
眼扭动,抽搐
眼扭动,口唇肿
情绪不稳,头颈扭转
情绪不稳,挤眉弄眼
手足发热,头颈扭转
手足发热,热结旁流
手足发热,挤眉弄眼
手足发热,手舞足蹈
腰酸,头颈扭转
腰酸,热结旁流
腰酸,挤眉弄眼
腰酸,手舞足蹈
不寐,头颈扭转
不寐,热结旁流
头颈扭转,热结旁流
头颈扭转,耳鸣
头颈扭转,挤眉弄眼
头颈扭转,尿少
头颈扭转,视力受损
头颈扭转,烦躁
头颈扭转,下肢无力
头颈扭转,手舞足蹈
头颈扭转,头晕
头颈扭转,尿黄
头颈扭转,发热
头颈扭转,便秘
头颈扭转,视物模糊
热结旁流,耳鸣
热结旁流,挤眉弄眼
热结旁流,尿少
热结旁流,视力受损
热结旁流,下肢无力
热结旁流,手舞足蹈
热结旁流,头晕
热结旁流,视物模糊
耳鸣,挤眉弄眼
耳鸣,手舞足蹈
挤眉弄眼,尿少
挤眉弄眼,视力受损
挤眉弄眼,烦躁
挤眉弄眼,下肢无力
挤眉弄眼,手舞足蹈
挤眉弄眼,头晕
挤眉弄眼,尿黄
挤眉弄眼,视物模糊
尿少,手舞足蹈
视力受损,手舞足蹈
下肢无力,手舞足蹈
手舞足蹈,头晕
手舞足蹈,尿黄
手舞足蹈,便秘
手舞足蹈,视物模糊
爪白,声低
爪白,少气
爪白,手舞足蹈
爪白,恶寒
声低,手舞足蹈
少气,手舞足蹈
自汗,手舞足蹈
手舞足蹈,唇色白
手舞足蹈,乏力
手舞足蹈,少言
手舞足蹈,面白
情绪不稳,哭泣
不寐,哭泣
易惊,流泪
易惊,手舞足蹈
易惊,易急
易惊,胸闷
易惊,哭泣
流泪,善太息
流泪,抑郁
流泪,多愁善感
流泪,手舞足蹈
流泪,易急
流泪,哭泣
善太息,易急
善太息,哭泣
抑郁,多愁善感
抑郁,手舞足蹈
抑郁,易急
抑郁,哭泣
烦躁,哭泣
多愁善感,易急
多愁善感,哭泣
手舞足蹈,哭泣
易急,胸闷
易急,哭泣
胸闷,哭泣
腰酸,口眼歪斜
腰酸,少语
耳鸣,少语
口眼歪斜,神情呆滞
口眼歪斜,足无力
口眼歪斜,活动不利
口眼歪斜,健忘
口眼歪斜,下肢无力
口眼歪斜,手舞足蹈
口眼歪斜,少语
神情呆滞,足无力
神情呆滞,手舞足蹈
足无力,活动不利
足无力,下肢无力
足无力,手舞足蹈
足无力,少语
足无力,抽搐
健忘,手舞足蹈
下肢无力,少语
手舞足蹈,少语
头晕,少语
少语,抽搐
踡卧,下肢痛
踡卧,关节痛
踡卧,肢体痛
踡卧,形寒
踡卧,四肢痛
踡卧,腰痛
下肢痛,关节痛
下肢痛,肢冷
下肢痛,下利
关节痛,下利
下利,肢体痛
下利,四肢痛
下利,腰痛
欲饮,肢冷
欲饮,无汗
无汗,尿黄
无汗,尿短
无汗,便秘
咳嗽,肢冷
咳嗽,下利
咳嗽,尿不利
嗳气,下利
嗳气,尿不利
嗳气,心悸
嗳气,胸胁满
肢冷,胸胁满
下利,尿不利
下利,胸胁满
喉中有痰,不食
呕吐,烦渴
咽干,肢体变形
咽干,肢软
情绪不稳,肢体变形
咳嗽,下肢无力
咳嗽,肢体变形
烦躁,肢体变形
口渴,肢体变形
鼻干,下肢无力
鼻干,肢体变形
鼻干,乏力
鼻干,肢软
鼻干,肢体痿弱
下肢无力,肢体变形
肢体变形,尿黄
肢体变形,乏力
肢体变形,尿短
肢体变形,发热
肢体变形,肢软
肢体变形,肢体痿弱
尿短,肢体痿弱
脘痞,肢体麻木
脘痞,手足下垂
脘痞,尿热
脘痞,感觉异常
脘痞,肢体痿弱
肢体麻木,尿痛
肢体麻木,手足下垂
肢体麻木,尿热
肢体麻木,便溏
肢体麻木,肢体痿弱
尿痛,手足下垂
尿痛,感觉异常
尿痛,便溏
尿痛,肢体痿弱
手足下垂,尿热
手足下垂,尿黄
手足下垂,乏力
手足下垂,胸闷
手足下垂,感觉异常
手足下垂,便溏
手足下垂,肢体痿弱
尿热,乏力
尿热,胸闷
尿热,感觉异常
尿热,便溏
尿热,肢体痿弱
胸闷,肢体痿弱
腹泻,肢软
腹泻,肢体痿弱
食而不化,尿清
食而不化,心悸
食而不化,精神恍惚
食而不化,肢体痿弱
不寐,尿清
不寐,肢体痿弱
面白,肢体痿弱
肢冷,肢体痿弱
尿清,肢体痿弱
心悸,肢体痿弱
腰酸,下肢麻木
耳鸣,下肢麻木
下肢无力,滑精
下肢无力,月经不调
下肢无力,下肢麻木
头晕,下肢麻木
滑精,下肢麻木
滑精,感觉异常
滑精,肢体痿弱
遗精,下肢麻木
遗精,感觉异常
遗精,肢体痿弱
月经不调,下肢麻木
月经不调,肢体痿弱
下肢麻木,感觉异常
下肢麻木,肢体痿弱
口唇发绀,肢软
口唇发绀,肢体痿弱
关节变形,活动不利
关节变形,关节肿胀
手足发热,少言
不能屈伸,关节肿胀
关节肿胀,关节僵硬
情绪不稳,关节发热
情绪不稳,关节变形
情绪不稳,关节僵硬
汗出,关节发热
汗出,关节僵硬
腰酸,关节变形
腰酸,关节肿胀
腰酸,关节僵硬
关节发热,耳鸣
关节发热,关节变形
关节发热,烦躁
关节发热,发热
关节发热,盗汗
关节发热,关节肿胀
关节发热,关节僵硬
耳鸣,关节变形
耳鸣,关节肿胀
耳鸣,关节僵硬
关节变形,烦躁
关节变形,发热
关节变形,盗汗
烦躁,关节僵硬
头晕,关节肿胀
头晕,关节僵硬
发热,关节僵硬
盗汗,关节肿胀
盗汗,关节僵硬
项背僵直,肩痛
项背僵直,肩冷
拘挛,肩痛
拘挛,肩冷
肩痛,肩冷
肩冷,肢体痛
汗出,剧痛
汗出,肩冷
汗出,不耐劳作
自汗,肩痛
自汗,剧痛
自汗,肩冷
自汗,不耐劳作
肩痛,剧痛
肩痛,呼吸急促
肩痛,恶寒
肩痛,不耐劳作
肩痛,易感冒
肩痛,关节不利
剧痛,呼吸急促
剧痛,恶寒
剧痛,肩冷
剧痛,不耐劳作
剧痛,易感冒
剧痛,关节不利
呼吸急促,肩冷
呼吸急促,易感冒
恶寒,肩冷
恶寒,不耐劳作
肩冷,不耐劳作
肩冷,易感冒
肩冷,关节不利
肢体痛,不耐劳作
肢体痛,易感冒
不耐劳作,易感冒
不耐劳作,关节不利
易感冒,关节不利
肩痛,肩部肿
关节不利,肩部肿
肩部肿,肢体痛
肌肉僵硬,喜暖
肌肉僵硬,肩痛
肌肉僵硬,恶寒
肌肉僵硬,乏力
肌肉僵硬,肩不举
肌肉僵硬,肩冷
肌肉僵硬,肢体痛
喜暖,肩痛
喜暖,肩不举
喜暖,肩冷
肩痛,乏力
肩痛,肩不举
恶寒,肩不举
乏力,肩不举
乏力,肩冷
肩不举,肩冷
肩不举,肢体痛
肘痛,汗出
肘痛,不寐
肘痛,肩痛
肘痛,肩臂肌肉萎缩
肘痛,剧痛
肘痛,手不能举
肘痛,肢体痛
肘痛,鼻痛
肘痛,肩不举
肘痛,肩冷
肘痛,手心自汗
肘痛,手痛
肘痛,四肢痛
肘痛,肩臂肌肉僵硬
肘痛,关节不利
汗出,肩臂肌肉萎缩
汗出,手不能举
汗出,肩不举
汗出,手心自汗
汗出,手痛
汗出,肩臂肌肉僵硬
不寐,肩痛
不寐,肩臂肌肉萎缩
不寐,剧痛
不寐,手不能举
不寐,鼻痛
不寐,肩不举
不寐,肩冷
不寐,手心自汗
不寐,手痛
不寐,肩臂肌肉僵硬
肩痛,肩臂肌肉萎缩
肩痛,手不能举
肩痛,鼻痛
肩痛,手心自汗
肩痛,手痛
肩痛,四肢痛
肩痛,肩臂肌肉僵硬
肩臂肌肉萎缩,剧痛
肩臂肌肉萎缩,手不能举
肩臂肌肉萎缩,肢体痛
肩臂肌肉萎缩,鼻痛
肩臂肌肉萎缩,肩不举
肩臂肌肉萎缩,肩冷
肩臂肌肉萎缩,手心自汗
肩臂肌肉萎缩,手痛
肩臂肌肉萎缩,四肢痛
肩臂肌肉萎缩,肩臂肌肉僵硬
肩臂肌肉萎缩,关节不利
剧痛,手不能举
剧痛,鼻痛
剧痛,肩不举
剧痛,手心自汗
剧痛,手痛
剧痛,四肢痛
剧痛,肩臂肌肉僵硬
手不能举,肢体痛
手不能举,鼻痛
手不能举,肩不举
手不能举,肩冷
手不能举,手心自汗
手不能举,手痛
手不能举,四肢痛
手不能举,肩臂肌肉僵硬
手不能举,关节不利
肢体痛,手心自汗
肢体痛,手痛
肢体痛,肩臂肌肉僵硬
鼻痛,肩不举
鼻痛,肩冷
鼻痛,手心自汗
鼻痛,手痛
鼻痛,四肢痛
鼻痛,肩臂肌肉僵硬
鼻痛,关节不利
肩不举,手心自汗
肩不举,手痛
肩不举,四肢痛
肩不举,肩臂肌肉僵硬
肩不举,关节不利
肩冷,手心自汗
肩冷,手痛
肩冷,四肢痛
肩冷,肩臂肌肉僵硬
手心自汗,手痛
手心自汗,四肢痛
手心自汗,肩臂肌肉僵硬
手心自汗,关节不利
手痛,肩臂肌肉僵硬
手痛,关节不利
四肢痛,肩臂肌肉僵硬
肩臂肌肉僵硬,关节不利
胸痛,手指不能屈伸
胸痛,四肢痛
胸痛,肩不举
胸痛,手痛
胸痛,手心自汗
胸痛,手肿
胸痛,爪甲黄
胸痛,上肢无力
汗出,手指不能屈伸
汗出,手肿
汗出,爪甲黄
汗出,上肢无力
不寐,手指不能屈伸
不寐,手肿
不寐,爪甲黄
不寐,上肢无力
肩痛,皮疹
肩痛,手指不能屈伸
肩痛,皮肤斑块
肩痛,手肿
肩痛,爪甲黄
肩痛,上肢无力
皮疹,手指不能屈伸
皮疹,肩不举
皮疹,手心自汗
皮疹,手肿
皮疹,爪甲黄
皮疹,上肢无力
手指不能屈伸,呼吸急促
手指不能屈伸,皮肤斑块
手指不能屈伸,四肢痛
手指不能屈伸,肩不举
手指不能屈伸,手痛
手指不能屈伸,手心自汗
手指不能屈伸,肢体痛
手指不能屈伸,胸闷
手指不能屈伸,手肿
手指不能屈伸,爪甲黄
手指不能屈伸,心悸
手指不能屈伸,上肢无力
呼吸急促,肩不举
呼吸急促,手痛
呼吸急促,手心自汗
呼吸急促,手肿
呼吸急促,爪甲黄
皮肤斑块,肩不举
皮肤斑块,手心自汗
皮肤斑块,手肿
皮肤斑块,爪甲黄
皮肤斑块,上肢无力
四肢痛,胸闷
四肢痛,手肿
四肢痛,爪甲黄
四肢痛,上肢无力
肩不举,胸闷
肩不举,手肿
肩不举,爪甲黄
肩不举,心悸
肩不举,上肢无力
手痛,胸闷
手痛,手肿
手痛,爪甲黄
手痛,心悸
手痛,上肢无力
手心自汗,胸闷
手心自汗,手肿
手心自汗,爪甲黄
手心自汗,心悸
手心自汗,上肢无力
肢体痛,爪甲黄
肢体痛,上肢无力
胸闷,手肿
胸闷,爪甲黄
胸闷,上肢无力
手肿,爪甲黄
手肿,心悸
手肿,上肢无力
爪甲黄,心悸
爪甲黄,上肢无力
皮疹,肩部肿
皮疹,手不能举
肩部肿,手不能举
肩部肿,皮肤斑块
肩部肿,肩不举
手不能举,皮肤斑块
皮肤色凉,鼻痛
皮肤色凉,目浮肿
皮肤色凉,臀部痛
关节痛,鼻痛
鼻痛,目浮肿
鼻痛,臀部痛
目浮肿,臀部痛
手足发热,无汗
手足发热,暮热早凉
不寐,无汗
不寐,暮热早凉
消瘦,无汗
消瘦,暮热早凉
无汗,暮热早凉
臂部麻木,视力受损
臂部麻木,下肢无力
臂部麻木,头晕
臂部麻木,鼻痛
臂部麻木,乏力
臂部麻木,纳差
臂部麻木,感觉异常
臂部麻木,皮肤干燥
臂部麻木,视物模糊
视力受损,鼻痛
下肢无力,鼻痛
鼻痛,乏力
鼻痛,皮肤干燥
鼻痛,视物模糊
鼻痛,皮肤麻木
恶心,皮肤红肿
恶心,鼻痛
不喜饮,皮肤红肿
不喜饮,鼻痛
皮肤红肿,肢冷
皮肤红肿,头晕
皮肤红肿,胸闷
皮肤红肿,便溏
皮肤红肿,形寒
肢冷,鼻痛
鼻痛,形寒
手麻木,手抽搐
手麻木,乏力
手麻木,面色不荣
手麻木,皮肤干燥
手抽搐,乏力
手抽搐,面色不荣
手抽搐,皮肤干燥
手抽搐,感觉异常
皮肤干燥,抽搐
烦躁,手部灼热
欲饮,手抽搐
欲饮,手部灼热
口渴,手抽搐
口渴,手部灼热
唇燥,手抽搐
唇燥,手部灼热
手抽搐,手部灼热
手抽搐,便秘
抽搐,手部灼热
手部灼热,皮肤干燥
肢冷,手抽搐
肢冷,手痛
手抽搐,恶寒
手抽搐,手痛
手抽搐,四肢痛
恶寒,手痛
手痛,抽搐
头痛,手足颤动
情绪不稳,手麻木
恶心,手足颤动
恶心,胸胁满
手麻木,口粘
手麻木,烦躁
手麻木,手足颤动
手麻木,颤抖
手麻木,胸胁满
口粘,手足颤动
口粘,颤抖
口粘,感觉异常
手足颤动,感觉异常
手足颤动,胸胁满
颤抖,胸胁满
感觉异常,胸胁满
颈项不舒,颤抖
颈项不舒,手痛
颈项不舒,手足颤动
颈项不舒,四肢痛
恶寒,手足颤动
颤抖,手痛
颤抖,四肢痛
手痛,手足颤动
手足颤动,四肢痛
腹泻,手颤
腹泻,手足颤动
手颤,腹胀
手颤,乏力
手颤,颤抖
手颤,手足颤动
腹胀,颤抖
腹胀,手足颤动
乏力,手足颤动
经行不畅,发热
手麻木,面白
手足颤动,面白
颤抖,面白
消瘦,手足蠕动
牙龈出血,不寐
牙龈出血,朱砂掌
牙龈出血,消瘦
牙龈出血,小鱼际红
不寐,朱砂掌
不寐,面黑
不寐,小鱼际红
朱砂掌,耳鸣
朱砂掌,消瘦
朱砂掌,口渴
朱砂掌,头晕
朱砂掌,尿黄
朱砂掌,发热
朱砂掌,面黑
朱砂掌,小鱼际红
耳鸣,小鱼际红
消瘦,小鱼际红
口渴,小鱼际红
头晕,小鱼际红
尿黄,面黑
尿黄,小鱼际红
发热,小鱼际红
面黑,小鱼际红
腹露青筋,朱砂掌
腹露青筋,鼻衄
腹露青筋,胁下痞块
腹露青筋,胸部血丝
腹露青筋,颈项蛛纹血丝
腹露青筋,小鱼际红
牙龈出血,胁下痞块
牙龈出血,胸部血丝
牙龈出血,颈项蛛纹血丝
朱砂掌,鼻衄
朱砂掌,胁下痞块
朱砂掌,胸部血丝
朱砂掌,颈项蛛纹血丝
鼻衄,胁下痞块
鼻衄,胸部血丝
鼻衄,颈项蛛纹血丝
鼻衄,面黑
鼻衄,小鱼际红
胁下痞块,胸部血丝
胁下痞块,颈项蛛纹血丝
胁下痞块,小鱼际红
胸部血丝,颈项蛛纹血丝
胸部血丝,面黑
胸部血丝,小鱼际红
颈项蛛纹血丝,面黑
颈项蛛纹血丝,小鱼际红
面黄,股阴痛
面黄,外阴渗黄水
面黄,皮肤麻木
面黄,白带色赤
面黄,尿不尽
尿痛,股阴痛
尿痛,面浮肿
尿痛,外阴渗黄水
尿痛,皮肤麻木
尿痛,白带色赤
下肢无力,股阴痛
下肢无力,外阴渗黄水
下肢无力,皮肤麻木
下肢无力,白带色赤
股阴痛,乏力
股阴痛,面浮肿
股阴痛,外阴渗黄水
股阴痛,皮肤麻木
股阴痛,尿不利
股阴痛,白带色赤
股阴痛,感觉异常
股阴痛,发热
股阴痛,尿不尽
乏力,外阴渗黄水
乏力,白带色赤
面浮肿,外阴渗黄水
面浮肿,皮肤麻木
面浮肿,白带色赤
面浮肿,发热
外阴渗黄水,皮肤麻木
外阴渗黄水,尿不利
外阴渗黄水,白带色赤
外阴渗黄水,感觉异常
外阴渗黄水,发热
外阴渗黄水,尿不尽
皮肤麻木,尿不利
皮肤麻木,白带色赤
皮肤麻木,尿不尽
尿不利,感觉异常
白带色赤,感觉异常
白带色赤,发热
白带色赤,尿不尽
感觉异常,尿不尽
足冷,股阴部抽掣
足冷,股阴痛
足冷,黄疸
足冷,皮肤麻木
足冷,手足苍白
股阴部抽掣,昏迷
股阴部抽掣,白带清稀
股阴部抽掣,手冷
股阴部抽掣,下肢无力
股阴部抽掣,股阴痛
股阴部抽掣,黄疸
股阴部抽掣,面浮肿
股阴部抽掣,乏力
股阴部抽掣,皮肤麻木
股阴部抽掣,面暗
股阴部抽掣,足肿
股阴部抽掣,感觉异常
股阴部抽掣,意识障碍
股阴部抽掣,手足苍白
昏迷,白带清稀
昏迷,下肢无力
昏迷,股阴痛
昏迷,足肿
昏迷,手足苍白
白带清稀,股阴痛
白带清稀,黄疸
白带清稀,面浮肿
白带清稀,皮肤麻木
白带清稀,足肿
白带清稀,感觉异常
白带清稀,意识障碍
白带清稀,手足苍白
手冷,股阴痛
手冷,黄疸
手冷,皮肤麻木
手冷,手足苍白
下肢无力,黄疸
下肢无力,意识障碍
下肢无力,手足苍白
股阴痛,黄疸
股阴痛,面暗
股阴痛,足肿
股阴痛,意识障碍
股阴痛,手足苍白
黄疸,面浮肿
黄疸,皮肤麻木
黄疸,面暗
黄疸,足肿
黄疸,感觉异常
黄疸,手足苍白
面浮肿,面暗
面浮肿,足肿
面浮肿,手足苍白
乏力,手足苍白
皮肤麻木,面暗
皮肤麻木,手足苍白
面暗,足肿
面暗,手足苍白
足肿,意识障碍
足肿,手足苍白
感觉异常,手足苍白
意识障碍,手足苍白
爪白,皮肤色暗
爪白,皮肤色白
爪白,尿失禁
爪白,股阴痛
爪白,汗毛脱落
汗出,皮肤色暗
汗出,皮肤色白
汗出,股阴痛
汗出,汗毛脱落
少气,皮肤色暗
少气,皮肤色白
少气,尿失禁
少气,股阴痛
少气,汗毛脱落
自汗,皮肤色暗
自汗,皮肤色白
自汗,股阴痛
自汗,汗毛脱落
皮肤色暗,皮肤色白
皮肤色暗,尿失禁
皮肤色暗,唇色白
皮肤色暗,乏力
皮肤色暗,股阴痛
皮肤色暗,恶寒
皮肤色暗,汗毛脱落
皮肤色暗,少言
皮肤色暗,面白
皮肤色白,尿失禁
皮肤色白,唇色白
皮肤色白,股阴痛
皮肤色白,汗毛脱落
皮肤色白,少言
尿失禁,唇色白
尿失禁,股阴痛
尿失禁,汗毛脱落
唇色白,股阴痛
唇色白,汗毛脱落
乏力,汗毛脱落
股阴痛,恶寒
股阴痛,汗毛脱落
股阴痛,少言
股阴痛,面白
恶寒,汗毛脱落
汗毛脱落,少言
汗毛脱落,面白
阴部抽掣,腰酸
阴部抽掣,耳聋
阴部抽掣,股阴部抽掣
阴部抽掣,消瘦
阴部抽掣,脱肛
阴部抽掣,足无力
阴部抽掣,下肢无力
阴部抽掣,尿失禁
阴部抽掣,股阴痛
阴部抽掣,阴茎痛
阴部抽掣,膝软
腰酸,股阴部抽掣
腰酸,股阴痛
腰酸,阴茎痛
腰酸,膝软
耳聋,股阴部抽掣
耳聋,脱肛
耳聋,足无力
耳聋,股阴痛
耳聋,阴茎痛
股阴部抽掣,消瘦
股阴部抽掣,脱肛
股阴部抽掣,足无力
股阴部抽掣,尿失禁
股阴部抽掣,阴茎痛
股阴部抽掣,膝软
消瘦,足无力
消瘦,股阴痛
消瘦,阴茎痛
消瘦,膝软
脱肛,足无力
脱肛,下肢无力
脱肛,尿失禁
脱肛,股阴痛
脱肛,阴茎痛
脱肛,膝软
足无力,尿失禁
足无力,股阴痛
足无力,阴茎痛
足无力,膝软
下肢无力,阴茎痛
下肢无力,膝软
尿失禁,阴茎痛
尿失禁,膝软
股阴痛,阴茎痛
股阴痛,膝软
阴茎痛,膝软
皮色不变,肢体沉重
皮色不变,下肢痛
皮色不变,四肢痛
皮色不变,关节不利
肢体沉重,下肢痛
肢体沉重,四肢痛
肢体沉重,关节不利
下肢痛,关节不利
下肢痛,足热
下肢痛,尿黄
下肢痛,尿短
下肢痛,便秘
足热,尿黄
足热,尿短
足热,发热
足热,肢体痛
足热,便秘
足热,四肢痛
尿短,四肢痛
便秘,四肢痛
声重,无汗
下肢肿,皮肤色紫
下肢肿,下肢痛
下肢肿,四肢痛
下肢肿,肢体痛
下肢肿,皮肤干燥
浮肿,皮肤色紫
浮肿,皮肤干燥
皮肤色紫,下肢痛
皮肤色紫,四肢痛
皮肤色紫,皮肤干燥
下肢痛,皮肤干燥
四肢痛,皮肤干燥
面黄,下肢痛
面黄,关节痛
下肢痛,心悸
下肢痛,肢软
关节痛,心悸
关节痛,肢软
肢软,四肢痛
膝肿,下肢痛
膝肿,活动不利
膝肿,关节痛
膝肿,下肢无力
膝肿,头晕
膝肿,乏力
膝肿,肢体痛
膝肿,四肢痛
膝肿,腰痛
下肢痛,下肢无力
下肢无力,四肢痛
膝肿,面部出油
膝肿,大便不调
膝肿,面浮肿
膝肿,尿黄
膝肿,面黄
下肢痛,面部出油
下肢痛,大便不调
下肢痛,面浮肿
面部出油,关节痛
面部出油,大便不调
面部出油,面浮肿
面部出油,尿黄
面部出油,肢体痛
面部出油,面黄
面部出油,四肢痛
关节痛,大便不调
大便不调,尿黄
大便不调,肢体痛
大便不调,四肢痛
面浮肿,尿黄
面浮肿,四肢痛
膝肿,难以行走
膝肿,剧痛
膝肿,肢冷
膝肿,形寒
膝肿,面白
难以行走,剧痛
难以行走,下肢痛
难以行走,关节痛
难以行走,肢冷
难以行走,肢体痛
难以行走,四肢痛
难以行走,形寒
难以行走,面白
剧痛,下肢痛
剧痛,关节痛
剧痛,肢冷
剧痛,形寒
剧痛,面白
下肢痛,面白
情绪不稳,膝肿
膝肿,烦躁
膝肿,口渴
膝肿,尿短
膝肿,发热
膝肿,便秘
头昏沉,膝肿
头昏沉,下肢痛
头昏沉,关节肿胀
头昏沉,大便不调
头昏沉,膝关节沉
恶心,膝肿
恶心,下肢痛
恶心,关节痛
恶心,关节肿胀
恶心,膝关节沉
恶心,四肢痛
膝肿,脘痞
膝肿,关节肿胀
膝肿,膝关节沉
膝肿,腹胀
肢体痛,膝关节沉
脘痞,下肢痛
脘痞,关节肿胀
脘痞,大便不调
脘痞,膝关节沉
脘痞,四肢痛
下肢痛,关节肿胀
下肢痛,膝关节沉
关节痛,膝关节沉
关节痛,腹胀
关节肿胀,大便不调
关节肿胀,膝关节沉
关节肿胀,腹胀
大便不调,膝关节沉
乏力,膝关节沉
膝关节沉,腹胀
膝关节沉,四肢痛
阳痿,下肢痛
阳痿,呼吸急促
阳痿,下肢冷
阳痿,膝软
腰部无力,下肢痛
腰部无力,下肢无力
腰部无力,下肢冷
腰部无力,四肢痛
腰部无力,肢体痛
腰部无力,面黑
腰部无力,尿不尽
腰部无力,膝软
下肢痛,呼吸急促
下肢痛,下肢冷
下肢痛,尿频
下肢痛,面黑
下肢痛,尿不尽
下肢痛,膝软
呼吸急促,面黑
呼吸急促,膝软
下肢冷,四肢痛
下肢冷,尿频
下肢冷,肢体痛
下肢冷,面黑
下肢冷,尿不尽
下肢冷,膝软
四肢痛,尿频
四肢痛,面黑
四肢痛,尿不尽
四肢痛,膝软
面黑,尿不尽
面黑,膝软
尿不尽,膝软
咽干,梦遗
梦遗,下肢痛
梦遗,下肢无力
梦遗,肢体痛
梦遗,四肢痛
情绪不稳,声重
声重,烦躁
声重,口渴
手足发热,足热
手足发热,头痛
手足发热,恶寒
手足发热,咽红
肢体痛,咽红
汗出,足热
口渴,足热
足热,头痛
足热,恶寒
足热,无汗
足热,咽红
情绪不稳,足热
烦躁,足热
足热,盗汗
足部红,足热
足部红,足肿
口渴,足肿
足热,足肿
尿黄,足肿
发热,足肿
足痛,关节痛
足痛,下肢沉重
足痛,关节不利
关节痛,下肢沉重
下肢沉重,肢体痛
下肢沉重,关节不利
跛行,下肢生疽
跛行,肢体痛
跛行,足痛
跛行,皮肤色白
跛行,身冷
跛行,下肢痛
跛行,肢冷
跛行,下肢无力
跛行,下肢沉重
跛行,步态异常
跛行,腿重着
跛行,四肢痛
下肢生疽,足痛
下肢生疽,皮肤色白
下肢生疽,身冷
下肢生疽,下肢痛
下肢生疽,肢冷
下肢生疽,下肢无力
下肢生疽,下肢沉重
下肢生疽,步态异常
下肢生疽,腿重着
下肢生疽,四肢痛
肢体痛,皮肤色白
肢体痛,身冷
肢体痛,步态异常
肢体痛,腿重着
足痛,皮肤色白
足痛,身冷
足痛,下肢痛
足痛,步态异常
足痛,腿重着
足痛,四肢痛
皮肤色白,身冷
皮肤色白,下肢痛
皮肤色白,下肢无力
皮肤色白,下肢沉重
皮肤色白,步态异常
皮肤色白,腿重着
皮肤色白,四肢痛
身冷,下肢痛
身冷,肢冷
身冷,下肢沉重
身冷,步态异常
身冷,腿重着
身冷,四肢痛
下肢痛,下肢沉重
下肢痛,步态异常
下肢痛,腿重着
肢冷,下肢沉重
肢冷,步态异常
肢冷,腿重着
下肢无力,下肢沉重
下肢无力,步态异常
下肢无力,腿重着
下肢沉重,步态异常
下肢沉重,腿重着
下肢沉重,四肢痛
步态异常,腿重着
步态异常,四肢痛
腿重着,四肢痛
腰酸,足痛
腰酸,眼昏花
足痛,眼昏花
足痛,活动不利
足痛,不耐久立
耳鸣,眼昏花
眼昏花,活动不利
眼昏花,头晕
眼昏花,不耐久立
眼昏花,肢体痛
不寐,转筋
不寐,腿转筋
不寐,足趾转筋
少言,转筋
少言,手抽搐
少言,腿转筋
少言,足趾转筋
转筋,视力受损
转筋,呼吸急促
转筋,头晕
转筋,手抽搐
转筋,乏力
转筋,腿转筋
转筋,面色不荣
转筋,心悸
转筋,纳差
转筋,足趾转筋
转筋,抽搐
转筋,视物模糊
视力受损,腿转筋
视力受损,足趾转筋
呼吸急促,腿转筋
呼吸急促,足趾转筋
头晕,腿转筋
头晕,足趾转筋
手抽搐,腿转筋
手抽搐,纳差
手抽搐,足趾转筋
乏力,腿转筋
乏力,足趾转筋
腿转筋,面色不荣
腿转筋,心悸
腿转筋,纳差
腿转筋,足趾转筋
腿转筋,抽搐
腿转筋,视物模糊
面色不荣,足趾转筋
心悸,足趾转筋
纳差,足趾转筋
足趾转筋,抽搐
足趾转筋,视物模糊
腰酸,转筋
耳鸣,转筋
转筋,健忘
转筋,肢体痛
转筋,关节痛
腹泻,转筋
腹泻,腿转筋
转筋,目凹陷
转筋,肢冷
转筋,呕吐
转筋,面白
目凹陷,肢冷
目凹陷,呕吐
目凹陷,腿转筋
目凹陷,面白
肢冷,腿转筋
呕吐,腿转筋
腿转筋,面白
肢体沉重,关节痛
转筋,口渴
转筋,发热
口渴,腿转筋
腿转筋,发热
自汗,足痛
足痛,乏力
足痛,面白
目眩,足痛
目眩,不耐久立
四肢麻木,爪甲枯
四肢麻木,爪甲薄
四肢麻木,手足颤动
视力受损,爪甲枯
视力受损,爪甲薄
爪甲枯,颤抖
爪甲枯,面色不荣
爪甲枯,感觉异常
爪甲枯,手足颤动
爪甲枯,视物模糊
颤抖,爪甲薄
感觉异常,爪甲薄
爪甲薄,手足颤动
爪甲薄,视物模糊
足冷,足痛
足冷,肢体拘急
足冷,颤抖
足冷,手足颤动
足痛,手冷
足痛,肢体拘急
足痛,颤抖
足痛,手足颤动
手冷,肢体拘急
手冷,颤抖
手冷,手足颤动
肢体拘急,手足颤动
肢体痛,手足颤动
肌肉松弛,活动不利
肌肉松弛,恶寒
肌肉松弛,躯体前倾
肌肉松弛,颤抖
肌肉松弛,腹胀
肌肉松弛,形寒
活动不利,躯体前倾
活动不利,足软
活动不利,形寒
恶寒,躯体前倾
恶寒,足软
躯体前倾,颤抖
躯体前倾,纳差
躯体前倾,腹胀
躯体前倾,便溏
躯体前倾,足软
躯体前倾,形寒
颤抖,足软
颤抖,形寒
纳差,足软
腹胀,足软
便溏,足软
足软,形寒
手足发热,言语不利
手足发热,步态异常
手足发热,曲线步行
腰酸,步态异常
腰酸,曲线步行
言语不利,步态异常
言语不利,曲线步行
言语不利,视物模糊
消瘦,曲线步行
视力受损,步态异常
视力受损,曲线步行
活动不利,步态异常
活动不利,曲线步行
头晕,步态异常
头晕,曲线步行
步态异常,发热
步态异常,曲线步行
步态异常,视物模糊
发热,曲线步行
曲线步行,视物模糊
肢体强直,咳嗽
肢体强直,咳痰
肢体强直,身冷
肢体强直,抑郁
肢体强直,颤抖
肢体强直,胸闷
咳嗽,身冷
咳嗽,活动不利
咳痰,身冷
咳痰,抑郁
咳痰,活动不利
咳痰,肢冷
身冷,抑郁
身冷,活动不利
身冷,颤抖
身冷,胸闷
抑郁,肢冷
抑郁,颤抖
活动不利,肢冷
颤抖,胸闷
战汗,汗出
战汗,恶寒
战汗,颤抖
战汗,发热
战汗,肢体痛
头痛,背冷
背冷,发热
口淡,背冷
不喜饮,背冷
背冷,便溏
背冷,面白
浮肿,背冷
不喜饮,气喘
咳嗽,背冷
咳嗽,喜热饮
咳痰,背冷
咳痰,喜热饮
头晕,背冷
头晕,喜热饮
乏力,背冷
背冷,喜热饮
背冷,气喘
背冷,纳差
背冷,腹胀
喜热饮,气喘
咽干,背热
胸痛,背热
咳嗽,背热
咳痰,背热
背热,面赤
背热,便秘
手足发热,背热
手足发热,背痛
汗出,背热
腰酸,背热
背热,肢体痛
背热,背痛
背热,盗汗
不可转侧,关节痛
关节痛,不可俯仰
手足发热,少气
少气,腰痛
阳痿,足痛
阳痿,膝无力
腰酸,膝无力
腰部无力,发少
腰部无力,足痛
腰部无力,齿松
腰部无力,肢软
腰部无力,膝冷
发少,膝无力
发少,膝冷
足痛,膝无力
足痛,遗精
足痛,肢软
足痛,膝冷
齿松,膝无力
齿松,肢软
齿松,膝冷
膝无力,遗精
膝无力,肢体痛
膝无力,肢软
膝无力,膝冷
遗精,膝冷
肢体痛,膝冷
肢软,膝冷
咽干,无汗
鼻干,无汗
战汗,烦渴
战汗,欲饮
战汗,恶热
肢体痛,腿沉重
肢体痛,腿冷
肢体痛,腰部沉重
腹胀,腿沉重
腹胀,腰冷
腹胀,腿冷
腹胀,腰部沉重
腿沉重,腰冷
腿沉重,腿冷
腿沉重,腰痛
腰冷,腿冷
腰冷,腰部沉重
腿冷,腰痛
腿冷,腰部沉重
腰痛,腰部沉重
腹泻,足痛
腹泻,齿松
腹泻,滑精
腹泻,腰冷
腹泻,腰痛
腹泻,膝软
腹泻,腰部沉重
阳痿,月经不调
阳痿,腰痛
阳痿,腰部沉重
发少,滑精
发少,腰冷
发少,腰部沉重
足痛,滑精
足痛,月经不调
足痛,腰冷
足痛,尿清
足痛,腰部沉重
齿松,滑精
齿松,月经不调
齿松,腰冷
齿松,腰部沉重
滑精,腰部沉重
月经不调,腰冷
月经不调,尿清
月经不调,腰痛
月经不调,膝软
月经不调,腰部沉重
腰冷,膝软
尿清,膝软
膝软,腰部沉重
浮肿,上肢活动自如
浮肿,腰肿
汗出,上肢活动自如
汗出,腰冷
汗出,腰肿
汗出,腰部沉重
关节痛,上肢活动自如
关节痛,腰肿
关节痛,腰部沉重
下肢无力,上肢活动自如
下肢无力,腰冷
下肢无力,腰肿
下肢无力,腰部沉重
恶寒,上肢活动自如
恶寒,腰肿
上肢活动自如,乏力
上肢活动自如,腰冷
上肢活动自如,肢体痛
上肢活动自如,腰肿
上肢活动自如,关节不利
上肢活动自如,腰部沉重
乏力,腰肿
乏力,腰部沉重
腰冷,腰肿
腰冷,关节不利
肢体痛,腰肿
腰肿,关节不利
腰肿,腰部沉重
关节不利,腰部沉重
腹泻,腰部无力
腹泻,耳鸣
腹泻,耳聋
腹泻,遗精
腹泻,膝无力
足冷,膝冷
腰部无力,腰痛
腰部无力,喜暖
耳鸣,膝冷
便溏,膝冷
阳痿,喜暖
发少,尿频
手冷,膝冷
呼吸急促,耳聋
呼吸急促,遗精
耳聋,喜暖
耳聋,膝无力
遗精,喜暖
腰痛,膝冷
腰痛,膝无力
膝冷,喜暖
喜暖,膝无力
膝无力,恶寒
腰酸,下肢痛
腰部无力,腰冷
下肢痛,膝无力
下肢痛,腰冷
下肢痛,膝冷
膝无力,腰冷
膝无力,四肢痛
膝无力,膝软
腰冷,四肢痛
四肢痛,膝冷
膝软,膝冷
膝肿,腰部无力
膝肿,膝无力
膝肿,不耐久立
膝肿,不耐久行
膝肿,足肿
膝肿,膝软
腰部无力,便秘
腰部无力,关节痛
腰部无力,尿黄
腰部无力,不耐久立
腰部无力,不耐久行
腰部无力,尿短
腰部无力,足肿
便秘,膝无力
便秘,不耐久立
便秘,不耐久行
便秘,足肿
便秘,膝软
下肢痛,不耐久立
下肢痛,不耐久行
下肢痛,足肿
关节痛,膝无力
关节痛,不耐久行
关节痛,膝软
下肢无力,膝无力
下肢无力,不耐久行
膝无力,尿黄
膝无力,不耐久立
膝无力,不耐久行
膝无力,尿短
膝无力,足肿
尿黄,不耐久立
尿黄,不耐久行
尿黄,膝软
不耐久立,不耐久行
不耐久立,尿短
不耐久立,四肢痛
不耐久立,膝软
不耐久行,尿短
不耐久行,肢体痛
不耐久行,足肿
不耐久行,四肢痛
不耐久行,膝软
尿短,足肿
尿短,膝软
足肿,四肢痛
足肿,膝软
腰痛,腰部僵直
腰部僵直,肢体痛
目赤,腰部僵直
目赤,尿痛
耳聋,腰部僵直
耳聋,尿痛
腰部僵直,尿痛
腰部僵直,胁痛
腰部僵直,尿黄
腰部僵直,面赤
腰部僵直,便秘
腰部僵直,口苦
腿发紧,腹冷
腿发紧,无汗
腿发紧,头痛
腿发紧,腰冷
腿发紧,肢体痛
腿发紧,腿冷
腿发紧,腰痛
腿发紧,腰部沉重
腹冷,无汗
腹冷,头痛
腹冷,腿冷
腹冷,腰部沉重
无汗,腰冷
无汗,腿冷
无汗,腰部沉重
头痛,腰冷
头痛,腿冷
头痛,腰部沉重
自汗,周身酸楚
周身酸楚,汗出
周身酸楚,恶寒
浮肿,腿冷
阳痿,月经过少
阳痿,月经色淡
月经过少,遗精
月经过少,腰冷
月经色淡,白带清稀
月经色淡,遗精
月经色淡,腰冷
白带清稀,遗精
遗精,腰冷
汗出,腰背屈曲
声低,腰背屈曲
腰背屈曲,呼吸急促
腰背屈曲,乏力
腰背屈曲,气喘
不寐,腰背屈曲
发少,腰背屈曲
消瘦,腰背屈曲
腰背屈曲,活动不利
腰背屈曲,健忘
腰酸,腰背屈曲
腰背屈曲,下肢无力
腰背屈曲,听力减退
腰背屈曲,尿频
腰背屈曲,尿清
下肢无力,听力减退
听力减退,尿清
阑尾剧痛,不能翻身
阑尾剧痛,尾骶痛
阑尾剧痛,活动不利
阑尾剧痛,不能平卧
阑尾剧痛,不可俯仰
阑尾剧痛,纳差
阑尾剧痛,肢体痛
阑尾剧痛,便秘
不能翻身,尾骶痛
不能翻身,活动不利
不能翻身,不能平卧
不能翻身,不可俯仰
不能翻身,纳差
不能翻身,肢体痛
不能翻身,便秘
尾骶痛,活动不利
尾骶痛,不能平卧
尾骶痛,不可俯仰
尾骶痛,纳差
尾骶痛,肢体痛
尾骶痛,便秘
活动不利,不能平卧
活动不利,不可俯仰
活动不利,便秘
不能平卧,不可俯仰
不能平卧,纳差
不可俯仰,纳差
不可俯仰,便秘
腰酸,尾骶痛
尾骶痛,尿失禁
尾骶痛,腰痛
喉中有痰,不能平卧
喉中有痰,便溏
呼吸困难,气粗
呼吸困难,不能平卧
气粗,胸膈痞满
气粗,不能平卧
气粗,乏力
气粗,纳差
气粗,便溏
胸膈痞满,不能平卧
胸膈痞满,乏力
胸膈痞满,腹胀
胸膈痞满,便溏
不能平卧,乏力
不能平卧,便溏
喉中有痰,声如曳锯
喉中有痰,欲饮
呼吸困难,声如曳锯
呼吸困难,欲饮
鼻翼煽动,声如曳锯
鼻翼煽动,欲饮
鼻翼煽动,胸闷
声如曳锯,咳嗽
声如曳锯,咳痰
声如曳锯,欲饮
声如曳锯,口渴
声如曳锯,气喘
声如曳锯,发热
声如曳锯,胸闷
欲饮,气喘
喉中有痰,关节不利
瘫痪,关节不利
口眼歪斜,关节不利
半身不遂,关节不利
肢体麻木,自汗
肢体麻木,尿少
肢体麻木,尿短
尿少,感觉异常
尿短,感觉异常
喉中有痰,腰酸
喉中有痰,少气
喉中有痰,恶寒
喉中有痰,少言
胸痛,尿少
胸痛,唇燥
胸痛,咽肿
目赤,鼻翼煽动
鼻翼煽动,尿少
鼻翼煽动,面赤
鼻翼煽动,咽肿
鼻翼煽动,咳血
咽痛,唇燥
尿少,咳血
咳痰,唇燥
唇燥,气喘
唇燥,咳血
气喘,咽肿
咽肿,咳血
胸痛,唇色暗
面青,咳嗽
面青,咳痰
面青,唇色暗
面青,不能平卧
咳嗽,唇色暗
咳嗽,面黑
咳痰,唇色暗
咳痰,面黑
唇色暗,肢冷
唇色暗,不能平卧
唇色暗,恶寒
唇色暗,气喘
唇色暗,面黑
唇色暗,形寒
肢冷,不能平卧
不能平卧,恶寒
不能平卧,面黑
不能平卧,形寒
手足发热,胸痛
手足发热,鼻干
不寐,鼻干
恶寒,唇燥
口甜,嗜卧
口甜,咳嗽
口甜,咳痰
口甜,下肢无力
口甜,头晕
口甜,面浮肿
口粘,嗜卧
口粘,下肢无力
口粘,面浮肿
嗜卧,面浮肿
咳痰,下肢无力
咽干,活动不利
胸痛,活动不利
活动不利,气喘
活动不利,咳血
恶心,气喘
胸胀,气喘
胁胀,呼吸急促
自汗,多饮
呼吸微弱,消瘦
消瘦,声音低
呼吸急促,声音低
肢冷,声音低
恶寒,声音低
声音低,便溏
呼吸困难,不喜饮
呼吸困难,无汗
恶心,气粗
吞咽不利,胸痛
吞咽不利,气喘
吞咽不利,心悸
声低,面赤
声低,易感冒
口渴,易感冒
面赤,易感冒
气喘,易感冒
呼吸困难,腰冷
咳嗽,腰冷
咳痰,腰冷
气喘,腰冷
多饮,胸膈痞满
自汗,胸膈痞满
胸膈痞满,汗出
呼吸困难,尿少
腰酸,不能平卧
喉中有痰,哮鸣
喉中有痰,不喜饮
喉中有痰,无汗
喉中有痰,喜热饮
喉中有痰,面暗
呼吸困难,哮鸣
呼吸困难,喜热饮
哮鸣,不喜饮
哮鸣,肢体痛
哮鸣,面青
哮鸣,咳嗽
哮鸣,胸膈痞满
哮鸣,咳痰
哮鸣,口渴
哮鸣,无汗
哮鸣,头痛
哮鸣,恶寒
哮鸣,喜热饮
哮鸣,发热
哮鸣,面暗
肢体痛,胸膈痞满
肢体痛,喜热饮
面青,胸膈痞满
胸膈痞满,无汗
胸膈痞满,头痛
胸膈痞满,恶寒
胸膈痞满,喜热饮
胸膈痞满,发热
胸膈痞满,面暗
咳痰,面暗
无汗,喜热饮
无汗,面暗
头痛,喜热饮
喜热饮,面暗
喉中有痰,自汗
喉中有痰,语声洪亮
哮鸣,情绪不稳
哮鸣,汗出
哮鸣,自汗
哮鸣,烦躁
哮鸣,欲饮
哮鸣,面赤
哮鸣,语声洪亮
哮鸣,气喘
呼吸困难,语声洪亮
情绪不稳,语声洪亮
汗出,语声洪亮
自汗,欲饮
自汗,语声洪亮
咳嗽,语声洪亮
咳痰,语声洪亮
烦躁,语声洪亮
欲饮,语声洪亮
口渴,语声洪亮
头痛,语声洪亮
面赤,语声洪亮
哮鸣,胸闷
喉中有痰,呼吸急促
喉中有痰,形寒
哮鸣,呼吸急促
哮鸣,肢冷
哮鸣,形寒
哮鸣,面白
咽干,哮鸣
哮鸣,消瘦
哮鸣,盗汗
喉中有痰,消瘦
喉中有痰,盗汗
呼吸困难,盗汗
情绪不稳,不得卧
不得卧,烦躁
不得卧,头痛
不得卧,恶寒
不得卧,气喘
不得卧,发热
不得卧,肢体痛
不得卧,胸闷
喉中有痰,气逆
喉中有痰,迫塞
便秘,迫塞
咳嗽,迫塞
气逆,欲饮
气逆,恶寒
气逆,胸闷
气逆,迫塞
咳痰,迫塞
欲饮,迫塞
口渴,迫塞
恶寒,迫塞
尿黄,迫塞
发热,迫塞
胸闷,迫塞
呼吸困难,不耐风寒
呼吸困难,易感冒
汗出,不耐风寒
不耐风寒,自汗
不耐风寒,呼吸急促
不耐风寒,恶寒
不耐风寒,乏力
不耐风寒,少言
不耐风寒,易感冒
不耐风寒,面白
少言,易感冒
易感冒,面白
太息,月经不调
太息,发热
胸中满闷,胁胀
胸中满闷,善太息
胸中满闷,憋气
胸中满闷,纳差
胁胀,憋气
善太息,憋气
憋气,纳差
恶心,憋气
胸痛,憋气
呼吸困难,憋气
咳嗽,憋气
咳痰,憋气
憋气,头晕
憋气,呕吐
憋气,胸闷
汗出,憋气
自汗,憋气
憋气,呼吸急促
憋气,心悸
憋气,面白
浮肿,憋气
足冷,憋气
憋气,手冷
脘痞,心中懊𢙐
少气,心中懊𢙐
少气,呕吐
少气,胸闷
腹痛,心中懊𢙐
腹部拒按,心中懊𢙐
腹部拒按,尿黄
腹部拒按,尿短
胸痛,项背僵直
胸痛,头汗
胸痛,心中至少腹拒按
胸痛,心下满
项背僵直,头汗
项背僵直,心中至少腹拒按
项背僵直,心中懊𢙐
项背僵直,气喘
项背僵直,精神恍惚
项背僵直,心下满
汗出,心中至少腹拒按
汗出,心下满
头汗,心中至少腹拒按
头汗,口渴
头汗,心中懊𢙐
头汗,气喘
头汗,精神恍惚
头汗,心下满
心中至少腹拒按,口渴
心中至少腹拒按,心中懊𢙐
心中至少腹拒按,气喘
心中至少腹拒按,发热
心中至少腹拒按,便秘
心中至少腹拒按,精神恍惚
心中至少腹拒按,心下满
心中懊𢙐,气喘
心中懊𢙐,心下满
气喘,精神恍惚
发热,心下满
便秘,心下满
精神恍惚,心下满
情绪不稳,呛咳
咽干,心中懊𢙐
咽干,呛咳
汗出,喜饮
汗出,呛咳
不寐,呛咳
喜饮,少气
喜饮,咳嗽
喜饮,心中懊𢙐
喜饮,呛咳
少气,呛咳
咳嗽,心中懊𢙐
咳嗽,呛咳
烦躁,呛咳
口渴,呛咳
呕吐,呛咳
发热,呛咳
心中懊𢙐,呛咳
腰酸,心中懊𢙐
耳鸣,心中懊𢙐
下肢无力,心中懊𢙐
心中懊𢙐,盗汗
足冷,善太息
足冷,善欠
汗出,善欠
少气,善太息
少气,善欠
自汗,善欠
善太息,善欠
善太息,手冷
善太息,唇色白
善太息,面白
善欠,手冷
善欠,唇色白
善欠,乏力
善欠,胸闷
善欠,心悸
善欠,少言
善欠,面白
唇色白,胸闷
喜暖,少气
喜暖,大便不调
喜暖,胸闷
喜暖,声音低
喜暖,心悸
脘痞,尿清
脘痞,声音低
少气,大便不调
少气,声音低
尿清,声音低
肢冷,大便不调
大便不调,胸闷
大便不调,声音低
大便不调,心悸
胸闷,声音低
耳鸣,咽痒
视力受损,咽痒
面赤,咽痒
心悸,咽痒
咽痒,视物模糊
情绪不稳,唇色淡
不寐,唇色淡
烦躁,唇色淡
唇色淡,心悸
恐惧,面青
恐惧,面白
咽干,唇紫
咽干,面紫
胸痛,唇紫
胸痛,面紫
唇紫,皮疹
唇紫,口渴
唇紫,呼吸急促
唇紫,皮肤斑块
唇紫,肢冷
唇紫,面紫
唇紫,胸闷
唇紫,心悸
皮疹,面紫
口渴,面紫
呼吸急促,面紫
皮肤斑块,面紫
肢冷,面紫
面紫,心悸
呕血,咳痰
呕血,心悸
气粗,手足温
汗出,手足温
喜冷,手足温
口渴,手足温
乏力,手足温
发热,手足温
胸闷,大便臭
呼吸微弱,踡卧
呼吸微弱,口渴
踡卧,口渴
嗳气,面黄
咽干,吞酸
咽干,胸胁不舒
吞酸,胸胁不舒
吞酸,口苦
胃脘嘈杂,胸胁不舒
胃脘嘈杂,口苦
胸胁不舒,口苦
嗳气,胃脘嘈杂
恶心,口臭
恶心,欲饮
不食,呼吸急促
欲饮,呼吸急促
恶心,月经不调
恶心,恶闻食臭
脘痞,恶闻食臭
吞酸,恶闻食臭
恶闻食臭,嗳气
恶闻食臭,纳差
恶闻食臭,腹胀
情绪不稳,声洪亮
恶心,声洪亮
腹痛,声洪亮
脘痞,欲饮
脘痞,声洪亮
烦躁,声洪亮
欲饮,声洪亮
口渴,声洪亮
便秘,声洪亮
腹胀,声洪亮
口苦,声洪亮
呼吸急促,胃寒
呕吐,胃寒
胃寒,少言
恶闻食臭,胃脘嘈杂
恶闻食臭,大便臭
恶闻食臭,口臭
胃脘嘈杂,大便臭
少气,口酸
少气,胃脘嘈杂
口酸,面白
胃脘嘈杂,乏力
吞酸,胁痛
胁痛,胃脘嘈杂
易饥,烦渴
易饥,恶热
易饥,尿不利
烦渴,尿不利
喜冷,尿不利
呕吐,恶热
恶热,尿不利
肢冷,口苦
恶寒,喜呕
恶寒,胸胁满
浮肿,胁痛
消瘦,善食
咽干,腹部硬满
咽干,唇色暗
咽干,尿自利
欲漱水,腹部硬满
欲漱水,易饥
欲漱水,善食
欲漱水,唇色暗
欲漱水,尿自利
腹部硬满,易饥
腹部硬满,善食
腹部硬满,口渴
腹部硬满,唇色暗
腹部硬满,健忘
易饥,便血
易饥,唇色暗
易饥,健忘
易饥,尿自利
便血,善食
便血,唇色暗
便血,面暗
善食,唇色暗
善食,健忘
善食,尿自利
善食,发热
善食,面暗
口渴,唇色暗
口渴,尿自利
唇色暗,健忘
唇色暗,尿自利
唇色暗,面暗
健忘,尿自利
尿自利,面暗
汗出,大便不调
大便不调,意识障碍
大便不调,嗜睡
头昏沉,肥胖
头昏沉,食后欲睡
口粘,肥胖
口粘,食后欲睡
脘痞,食后欲睡
肥胖,食后欲睡
乏力,食后欲睡
食后欲睡,纳差
食后欲睡,胸闷
食后欲睡,便溏
腹泻,四肢痛
腹泻,下肢痛
足肿,形寒
足肿,嗜睡
足肿,阳痿
足肿,口流清涎
足肿,腰痛
足肿,恶心
足肿,食而不化
足肿,恶寒
足肿,呕吐
足肿,尿频
足肿,纳差
四肢痛,口流清涎
四肢痛,食而不化
四肢痛,呕吐
嗜睡,阳痿
嗜睡,食而不化
嗜睡,下肢痛
嗜睡,尿频
阳痿,面浮肿
阳痿,恶心
阳痿,食而不化
阳痿,呕吐
阳痿,腹胀
面浮肿,腰痛
面浮肿,呕吐
口流清涎,腰痛
口流清涎,食而不化
口流清涎,下肢痛
腰痛,食而不化
腰痛,呕吐
恶心,食而不化
食而不化,下肢痛
食而不化,呕吐
食而不化,肢体痛
下肢痛,呕吐
下肢痛,纳差
呕吐,尿频
恶心,气逆
脘痞,气逆
脘痞,口流清涎
气逆,头晕
气逆,呕吐
气逆,纳差
气逆,口流清涎
气逆,心悸
气喘,口流清涎
恶心,抑郁
大便不爽,抑郁
大便不爽,胸膈痞满
抑郁,胸膈痞满
胸膈痞满,嗳气
恶心,呕血
恶心,便血
恶心,胸脘拒按
咽干,食而不化
咽干,胸脘拒按
胸痛,食而不化
胸痛,胸脘拒按
呕血,食而不化
呕血,呕吐
呕血,胸脘拒按
食而不化,便血
食而不化,口渴
食而不化,便秘
食而不化,胸脘拒按
便血,呕吐
便血,胸脘拒按
口渴,胸脘拒按
呕吐,胸脘拒按
便秘,胸脘拒按
耳鸣,食而不化
盗汗,恶心
盗汗,食而不化
烦躁,食而不化
发热,食而不化
视物模糊,食而不化
情绪不稳,食而不化
汗出,食而不化
视力受损,食而不化
皮肤干燥,恶心
皮肤干燥,食而不化
食而不化,头晕
恶心,唇干
手足发热,自汗
汗出,唇干
唇干,自汗
唇干,呼吸急促
唇干,呕吐
唇干,乏力
唇干,纳差
唇干,心悸
情绪不稳,面部虫斑
恶心,面部虫斑
恶心,吐蛔
烦躁,面部虫斑
肢冷,面部虫斑
肢冷,吐蛔
面部虫斑,吐蛔
吞咽不利,胸膈痞满
吞咽不利,噎膈
胸痛,噎膈
咽干,胸膈痞满
咽干,噎膈
不寐,噎膈
消瘦,胸膈痞满
消瘦,抑郁
消瘦,噎膈
胸膈痞满,噎膈
抑郁,噎膈
胸痛,肌肤甲错
胸痛,水饮难下
消瘦,水饮难下
肌肤甲错,呕吐
肌肤甲错,水饮难下
肌肤甲错,噎膈
呕吐,水饮难下
呕吐,噎膈
水饮难下,噎膈
呼吸急促,噎膈
乏力,噎膈
口流清涎,噎膈
噎膈,形寒
噎膈,面白
吞咽不利,胃脘嘈杂
吞咽不利,皮肤干燥
情绪不稳,噎膈
烦躁,噎膈
胃脘嘈杂,皮肤干燥
胃脘嘈杂,噎膈
皮肤干燥,噎膈
耳聋,喜呕
耳聋,胸胁满
胁痛,喜呕
胸痛,悬饮
呼吸困难,悬饮
胁痛,呼吸急促
胁痛,悬饮
呼吸急促,悬饮
悬饮,肢体痛
汗出,肢体沉重
汗出,难以转侧
肢体沉重,难以转侧
肢体沉重,肢体强直
胁下痞块,胸痛
恶心,目赤
目赤,黄疸
胁痛,黄疸
黄疸,胸闷
腹泻,呕血
腹泻,脱肛
呕血,脱肛
呕血,面色不荣
呕血,口流清涎
脱肛,肢冷
脱肛,面色不荣
脱肛,尿清
脱肛,口流清涎
便血,口流清涎
恶心,唇燥
腹痛,噎膈
不食,胃脘嘈杂
不食,噎膈
嗳气,唇燥
嗳气,噎膈
胃脘嘈杂,唇燥
唇燥,噎膈
腹痛,叹息
叹息,脘痞
叹息,便秘
叹息,口酸
叹息,嗳气
叹息,呕吐
叹息,腹胀
嗳气,肢体痛
喜冷,便血
便血,口酸
便血,恶热
口酸,恶热
胃脘嘈杂,恶热
口流清涎,喜热饮
腹痛,淋闭不通
尿痛,淋闭不通
尿少,淋闭不通
淋闭不通,口渴
淋闭不通,尿黄
淋闭不通,腹部拘急
淋闭不通,便秘
淋闭不通,腹胀
淋闭不通,尿血
腹部拘急,便秘
腹部拘急,尿血
胸痛,尿砂石
腹痛,尿砂石
尿砂石,胁痛
尿砂石,尿血
腹痛,尿不尽
腰痛,唇色淡
唇色红,腹冷
唇色红,尿不尽
唇色红,唇色淡
唇色红,形寒
腹冷,下肢痛
腹冷,尿不尽
腹冷,唇色淡
腹冷,四肢痛
腹冷,形寒
下肢痛,唇色淡
尿不尽,唇色淡
唇色淡,肢体痛
唇色淡,四肢痛
阴囊缩,形寒
阴囊缩,面白
睾丸痛,形寒
睾丸痛,面白
腹扛起,情绪不稳
腹扛起,太息
腹扛起,腹痛
腹扛起,腹泻
腹扛起,胁胀
腹扛起,胁痛
腹扛起,烦躁
腹扛起,胸闷
腹扛起,腹胀
腹扛起,脐旁扛起
情绪不稳,脐旁扛起
太息,腹泻
太息,脐旁扛起
腹痛,脐旁扛起
腹泻,胁痛
腹泻,脐旁扛起
胁胀,脐旁扛起
胁痛,脐旁扛起
烦躁,脐旁扛起
胸闷,脐旁扛起
腹胀,脐旁扛起
欲饮,下利
欲饮,里急后重
足冷,下利
手冷,下利
恶心,腹部拘急
恶心,肢软
发热,腹部拘急
胸闷,腹部拘急
善太息,腹部拘急
不寐,腹部拘急
面色不荣,腹部拘急
腹部拘急,面白
头汗,恶寒
头汗,黄疸
头汗,尿不利
恶寒,黄疸
腹部肿块,胁下痞块
腹部肿块,乏力
腹部肿块,纳差
肌肤甲错,胁下痞块
肌肤甲错,纳差
胁下痞块,面暗
腹部肿块,脘痞
腹部肿块,呼吸急促
腹部肿块,脐腹痞块
腹痛,脐腹痞块
脘痞,脐腹痞块
腹胀,脐腹痞块
消瘦,脐腹痞块
呼吸急促,脐腹痞块
乏力,脐腹痞块
纳差,脐腹痞块
面黄,脐腹痞块
腹部肿块,腹部痞块
腹部肿块,大便不调
腹部痞块,腹胀
腹部痞块,消瘦
腹部痞块,大便不调
腹部痞块,乏力
腹部痞块,纳差
腹部痞块,面黄
腹部痞块,脐腹痞块
大便不调,脐腹痞块
腹露青筋,胁胀
腹露青筋,尿少
腹露青筋,胁痛
腹露青筋,腹大
腹露青筋,尿短
腹露青筋,青筋暴露
胁胀,尿少
胁胀,腹大
胁胀,青筋暴露
尿少,青筋暴露
胁痛,腹大
胁痛,便溏
胁痛,青筋暴露
腹大,纳差
腹大,腹胀
腹大,青筋暴露
尿短,青筋暴露
纳差,青筋暴露
便溏,青筋暴露
欲漱水,腹露青筋
欲漱水,唇紫
欲漱水,胁痛
欲漱水,胁下痞块
欲漱水,腹大
欲漱水,头颈胸臂见丝纹状血痣
欲漱水,腹胀
欲漱水,青筋暴露
腹露青筋,唇紫
腹露青筋,口渴
腹露青筋,头颈胸臂见丝纹状血痣
唇紫,胁痛
唇紫,便血
唇紫,胁下痞块
唇紫,腹大
唇紫,头颈胸臂见丝纹状血痣
唇紫,腹胀
唇紫,面黑
唇紫,青筋暴露
胁痛,头颈胸臂见丝纹状血痣
胁痛,面黑
便血,腹大
便血,头颈胸臂见丝纹状血痣
便血,青筋暴露
口渴,胁下痞块
口渴,腹大
口渴,头颈胸臂见丝纹状血痣
口渴,青筋暴露
胁下痞块,腹大
胁下痞块,头颈胸臂见丝纹状血痣
胁下痞块,青筋暴露
腹大,头颈胸臂见丝纹状血痣
腹大,面黑
头颈胸臂见丝纹状血痣,腹胀
头颈胸臂见丝纹状血痣,面黑
头颈胸臂见丝纹状血痣,青筋暴露
腹胀,面黑
面黑,青筋暴露
腹露青筋,浮肿
腹露青筋,腰酸
腹露青筋,脘痞
腹露青筋,肢冷
腹露青筋,恶寒
腹露青筋,尿不利
浮肿,青筋暴露
腰酸,脘痞
腰酸,腹大
腰酸,青筋暴露
脘痞,青筋暴露
肢冷,青筋暴露
腹大,尿不利
恶寒,青筋暴露
尿不利,青筋暴露
面黄,青筋暴露
情绪不稳,青筋暴露
咽干,腹露青筋
咽干,腹大
咽干,青筋暴露
牙龈出血,尿少
牙龈出血,视力受损
牙龈出血,腹大
牙龈出血,尿短
牙龈出血,面暗
牙龈出血,腹胀
牙龈出血,视物模糊
牙龈出血,青筋暴露
腹露青筋,视力受损
腹露青筋,头晕
腹露青筋,面暗
腹露青筋,视物模糊
不寐,腹大
不寐,青筋暴露
烦躁,青筋暴露
视力受损,青筋暴露
头晕,青筋暴露
面暗,青筋暴露
视物模糊,青筋暴露
红丝赤缕,皮肤发红
红丝赤缕,胸痛
红丝赤缕,汗出
红丝赤缕,皮肤色红
红丝赤缕,朱砂掌
红丝赤缕,耳鸣
红丝赤缕,胁痛
红丝赤缕,头晕
红丝赤缕,盗汗
皮肤发红,胸痛
皮肤发红,汗出
皮肤发红,皮肤色红
皮肤发红,朱砂掌
皮肤发红,耳鸣
皮肤发红,胁痛
皮肤发红,头晕
皮肤发红,面赤
皮肤发红,盗汗
胸痛,皮肤色红
胸痛,朱砂掌
汗出,朱砂掌
皮肤色红,朱砂掌
皮肤色红,头晕
朱砂掌,胁痛
朱砂掌,面赤
朱砂掌,盗汗
红丝赤缕,腹露青筋
红丝赤缕,浮肿
红丝赤缕,皮疹
红丝赤缕,皮肤斑块
红丝赤缕,胁下痞块
皮肤发红,腹露青筋
皮肤发红,浮肿
皮肤发红,皮疹
皮肤发红,皮肤斑块
皮肤发红,胁下痞块
腹露青筋,皮肤斑块
浮肿,朱砂掌
浮肿,胁下痞块
皮肤色红,皮肤斑块
皮肤色红,胁下痞块
朱砂掌,皮疹
朱砂掌,皮肤斑块
皮疹,胁下痞块
皮肤斑块,胁下痞块
皮肤色黄,胁胀
皮肤色黄,尿少
皮肤色黄,胁痛
皮肤色黄,嗳气
皮肤色黄,尿短
尿少,嗳气
足冷,头汗
头汗,手冷
头汗,呼吸急促
头汗,面白
腹部拒按,面暗
腹部拒按,面黄
腹部拒按,口苦
腹部拒按,口臭
腹露青筋,面青
腹露青筋,胸部红斑
腹露青筋,欲饮
腹露青筋,面部斑块
唇紫,面青
唇紫,消瘦
唇紫,胸部红斑
唇紫,欲饮
唇紫,面部斑块
皮疹,面青
皮疹,胸部红斑
皮疹,欲饮
皮疹,腹大
面青,胁痛
面青,胸部红斑
面青,欲饮
面青,皮肤斑块
面青,面部斑块
面青,腹大
消瘦,胸部红斑
消瘦,面部斑块
胁痛,胸部红斑
胸部红斑,欲饮
胸部红斑,口渴
胸部红斑,皮肤斑块
胸部红斑,面部斑块
胸部红斑,腹大
胸部红斑,腹胀
欲饮,皮肤斑块
欲饮,面部斑块
欲饮,腹大
皮肤斑块,腹大
面部斑块,腹大
情绪不稳,唇紫
手足发热,唇紫
手足发热,面黑
唇紫,尿少
唇紫,烦躁
唇紫,尿黄
唇紫,发热
唇紫,便秘
唇紫,面黄
便秘,面黑
腹泻,头重
腹泻,黄疸
不喜饮,白带量多
白带量多,头重
白带量多,呕吐
白带量多,黄疸
头重,呕吐
头重,黄疸
腹泻,厌食
厌食,大便臭
恶心,腹硬
腹硬,呕吐
恶心,心下满
腹硬,嗳气
腹硬,乏力
腹硬,心下满
嗳气,心下满
喜暖,腹冷
喜暖,口酸
腹冷,口酸
腹冷,恶寒
腹冷,乏力
腹冷,口流清涎
口酸,恶寒
口酸,口流清涎
腹冷,尿频
腹冷,尿不利
月经后期,眼圈黑
月经后期,难以受孕
腹冷,眼圈黑
腹冷,难以受孕
白带清稀,眼圈黑
白带清稀,难以受孕
眼圈黑,难以受孕
眼圈黑,月经过少
难以受孕,月经过少
足冷,睾丸痛
足冷,阴囊缩
腹冷,睾丸痛
腹冷,阴囊缩
手冷,睾丸痛
手冷,阴囊缩
口流清涎,脐下悸动
脐下悸动,尿不利
太息,汗出
太息,声低
太息,自汗
太息,咳嗽
太息,脐下悸动
太息,尿失禁
太息,气喘
汗出,脐下悸动
声低,脐下悸动
声低,尿失禁
自汗,脐下悸动
脐下悸动,尿失禁
脐下悸动,气喘
腹痛,气从少腹上冲
腹痛,恶闻人声
易惊,烦渴
易惊,气从少腹上冲
易惊,恶闻人声
烦渴,气从少腹上冲
烦渴,恶闻人声
气从少腹上冲,呕吐
气从少腹上冲,气喘
气从少腹上冲,发热
气从少腹上冲,恶闻人声
呕吐,恶闻人声
气喘,恶闻人声
发热,恶闻人声
肢冷,气从少腹上冲
肢冷,脐下悸动
气从少腹上冲,形寒
气从少腹上冲,脐下悸动
形寒,脐下悸动
腰酸,肠鸣
喜暖,肠鸣
腹泻,阴挺
少气,阴挺
肠鸣,阴挺
肠鸣,脱肛
阴挺,纳差
阴挺,少言
腹冷,呕吐
腹冷,腹部喜温
腹冷,大便粘液
肠鸣,腹部喜温
肠鸣,形寒
肢冷,腹部喜温
肢冷,大便粘液
呕吐,腹部喜温
呕吐,大便粘液
腹部喜温,便溏
腹部喜温,形寒
腹部喜温,大便粘液
便溏,大便粘液
形寒,大便粘液
口淡,肢体沉重
口淡,心下满
口粘,肠鸣
口粘,肢体沉重
口粘,心下满
肠鸣,肢体沉重
肠鸣,心下满
肢体沉重,心下满
腹泻,胸胁不舒
腹痛,胸胁不舒
肠鸣,胸胁不舒
腹泻,口粘
腹泻,口苦
口粘,肛门灼热
口粘,大便臭
肛门灼热,口苦
肛门灼热,大便臭
肠鸣,口苦
肠鸣,大便臭
腹泻,肢体沉重
腹泻,尿浑浊
腹痛,肢体沉重
喜暖,肢体沉重
喜暖,头痛
喜暖,尿浑浊
肢体沉重,头痛
肢体沉重,尿浑浊
头痛,尿浑浊
腹泻,胸胁胀
腹泻,矢气
胸胁胀,吞酸
胸胁胀,矢气
吞酸,矢气
手足多汗,脘痞
手足多汗,乏力
手足多汗,纳差
手足多汗,胸闷
腹部拒按,便溏
足冷,腰冷
肠鸣,腰冷
手冷,腰冷
腹泻,踡卧
腹泻,腹部喜温
口淡,腹部喜温
食而不化,踡卧
食而不化,腹部喜温
踡卧,纳差
踡卧,腹部喜温
踡卧,腹胀
腹痛,腹部喜温
不喜饮,腹部喜温
汗出,腹部喜温
恶寒,腹部喜温
纳差,腹部喜温
腹部喜温,腹胀
腹部喜温,面白
腹泻,下肢抽搐
腹泻,皮肤色白
腹泻,口唇发绀
腹泻,冷汗
腹泻,大便不调
腹泻,爪甲紫
汗出,下肢抽搐
汗出,爪甲紫
下肢抽搐,皮肤色白
下肢抽搐,目凹陷
下肢抽搐,口渴
下肢抽搐,口唇发绀
下肢抽搐,冷汗
下肢抽搐,呕吐
下肢抽搐,大便不调
下肢抽搐,爪甲紫
皮肤色白,目凹陷
皮肤色白,口渴
皮肤色白,口唇发绀
皮肤色白,冷汗
皮肤色白,呕吐
皮肤色白,大便不调
皮肤色白,抽搐
皮肤色白,爪甲紫
目凹陷,口唇发绀
目凹陷,冷汗
目凹陷,大便不调
目凹陷,爪甲紫
口渴,冷汗
口渴,爪甲紫
口唇发绀,冷汗
口唇发绀,大便不调
口唇发绀,爪甲紫
冷汗,大便不调
冷汗,抽搐
冷汗,爪甲紫
呕吐,大便不调
呕吐,爪甲紫
大便不调,抽搐
大便不调,爪甲紫
抽搐,爪甲紫
恶心,肛门灼热
恶心,里急后重
肛门灼热,恶寒
肛门灼热,呕吐
肛门灼热,尿频
恶寒,里急后重
呕吐,里急后重
痢疾,脘痞
痢疾,便血
痢疾,尿清
痢疾,纳差
痢疾,胸闷
痢疾,尿浑浊
脘痞,尿浑浊
便血,尿浑浊
尿清,里急后重
胸闷,尿浑浊
里急后重,尿浑浊
手足多汗,足冷
手足多汗,手冷
手足多汗,呼吸急促
手足多汗,大便不调
手足多汗,少言
烦渴,便血
烦渴,口唇发绀
便血,口唇发绀
便血,气喘
便血,抽搐
情绪不稳,里急后重
皮疹,里急后重
烦躁,里急后重
便血,下利
下利,抽搐
里急后重,抽搐
腹痛,滑脱不禁
腹痛,肛门窒塞
滑脱不禁,足冷
滑脱不禁,腹胀
滑脱不禁,消瘦
滑脱不禁,便血
滑脱不禁,手冷
滑脱不禁,乏力
滑脱不禁,下利
滑脱不禁,纳差
滑脱不禁,肛门窒塞
足冷,肛门窒塞
腹胀,下利
腹胀,肛门窒塞
消瘦,下利
消瘦,肛门窒塞
便血,肛门窒塞
手冷,肛门窒塞
乏力,肛门窒塞
下利,肛门窒塞
纳差,肛门窒塞
痢疾,烦渴
痢疾,胃脘嘈杂
烦渴,下利
烦渴,腹胀
胃脘嘈杂,下利
腹泻,痢疾
痢疾,便秘
面黄,里急后重
恶心,下利
情绪不稳,大便失禁
腹泻,大便失禁
腹泻,下利
大便失禁,烦躁
大便失禁,口渴
大便失禁,下利
大便失禁,发热
腹泻,粘液便
腹泻,肛门失约
痢疾,大便失禁
痢疾,腰酸
痢疾,足冷
痢疾,粘液便
痢疾,耳鸣
痢疾,手冷
痢疾,恶寒
痢疾,肛门失约
痢疾,形寒
大便失禁,足冷
大便失禁,粘液便
大便失禁,手冷
大便失禁,恶寒
大便失禁,肛门失约
大便失禁,尿频
大便失禁,纳差
大便失禁,尿清
大便失禁,腹胀
大便失禁,形寒
腰酸,粘液便
腰酸,肛门失约
足冷,粘液便
足冷,肛门失约
粘液便,耳鸣
粘液便,手冷
粘液便,恶寒
粘液便,肛门失约
粘液便,尿频
粘液便,纳差
粘液便,尿清
粘液便,腹胀
粘液便,形寒
耳鸣,肛门失约
手冷,肛门失约
恶寒,肛门失约
肛门失约,尿频
肛门失约,纳差
肛门失约,尿清
肛门失约,腹胀
肛门失约,形寒
大便失禁,脘痞
大便失禁,声低
大便失禁,少气
大便失禁,脱肛
大便失禁,乏力
大便失禁,心悸
大便失禁,少言
脘痞,声低
脘痞,脱肛
口渴,耳赤
面赤,耳赤
尿黄,耳赤
耳赤,便秘
耳赤,腹胀
咽干,手足多汗
恶心,手足多汗
手足多汗,不食
手足多汗,口渴
不食,大便不调
大便不调,尿短
声低,腹胀
脱肛,气喘
抑郁,矢气
乳房胀,矢气
口疮,唇干
口疮,肛门灼热
口疮,便血
口臭,肛门灼热
唇干,肛门灼热
唇干,牙痛
唇干,饮冷
肛门灼热,牙痛
肛门灼热,饮冷
牙痛,便血
便血,饮冷
恶心,肛痛
恶心,肛门肿
肛痛,大便不爽
肛痛,呕吐
肛痛,黄疸
肛痛,肛门肿
肛痛,面黄
脘痞,肛门肿
大便不爽,黄疸
腹胀,肛门肿
便血,肛门肿
呕吐,肛门肿
黄疸,肛门肿
肛门肿,胸闷
肛门肿,面黄
肛门肿,口苦
梦遗,便血
梦遗,乏力
腰酸,便血
谵语,尿痛
尿痛,昏迷
尿痛,意识障碍
咽干,腋汗
情绪不稳,腋汗
汗出,腋汗
不寐,腋汗
易惊,腋汗
烦躁,腋汗
口渴,腋汗
腋汗,头晕
腋汗,乏力
腋汗,面色不荣
腋汗,发热
大便不调,黄疸
大便不调,面暗
大便不调,形寒
咽干,尿急
不喜饮,尿急
腹痛,尿急
尿急,尿不利
咽干,滑精
梦遗,尿少
梦遗,尿黄
梦遗,尿不利
耳鸣,尿不利
尿少,滑精
滑精,尿黄
滑精,尿不利
尿痛,胸膈痞满
尿少,胸膈痞满
胸膈痞满,尿频
胸膈痞满,尿不利
胸膈痞满,尿浑浊
足冷,尿浑浊
手冷,尿浑浊
腰冷,尿浑浊
尿浑浊,面白
不喜饮,腋汗
口粘,腋汗
尿少,腋汗
腋汗,尿黄
腋汗,纳差
腋汗,胸闷
腋汗,口苦
腰酸,气怯
气怯,肢冷
气怯,尿清
咽痛,尿不利
咽痛,肢软
气喘,尿不利
气喘,肢软
气喘,眼睑肿胀
尿不利,肢软
尿不利,眼睑肿胀
肢软,眼睑肿胀
头昏沉,面黄
足冷,尿少
足冷,尿不利
尿少,手冷
手冷,尿不利
喉中有痰,浮肿
喉中有痰,腰痛
喉中有痰,下肢痛
喉中有痰,四肢痛
喉中有痰,尿不利
喉中有痰,心悸
呼吸困难,下肢痛
呼吸困难,四肢痛
腰痛,气喘
腰痛,尿不利
咳嗽,下肢痛
咳嗽,四肢痛
下肢痛,气喘
下肢痛,尿不利
四肢痛,气喘
四肢痛,尿不利
咽干,腹软
吞酸,腹软
吞酸,腹大
吞酸,尿不利
腹软,嗳气
腹软,腹大
腹软,胸胁不舒
腹软,纳差
腹软,尿不利
腹软,腹胀
腹软,口苦
嗳气,腹大
嗳气,胸胁不舒
腹大,胸胁不舒
腹大,口苦
胸胁不舒,尿不利
不喜饮,尿热
活动不利,头胀
足冷,尿排出无力
肢体痛,尿排出无力
下肢痛,尿排出无力
尿排出无力,手冷
尿排出无力,尿频
尿排出无力,尿不利
尿排出无力,四肢痛
尿排出无力,腰痛
情绪不稳,胁部不适
不寐,胁部不适
吞酸,胁部不适
烦躁,胁部不适
胁部不适,尿不利
胁部不适,口苦
腹胀,不能排尿
腹痛,不能排尿
不能排尿,尿不利
尿清,尿床
尿不尽,尿床
梦遗,唇色红
梦遗,尿频
梦遗,尿床
盗汗,尿床
少气,尿床
嗜卧,阴挺
嗜卧,脱肛
嗜卧,尿床
阴挺,尿床
脱肛,尿床
乏力,尿床
腹胀,尿床
少言,尿床
尿失禁,呕吐
呕吐,尿床
咳嗽,尿床
咽干,尿热
尿不利,尿血
尿血,口苦
恶心,尿血
不喜饮,胁痛
尿少,黄疸
黄疸,尿血
喜冷,尿热
喜冷,尿血
尿热,面赤
呼吸急促,尿血
尿血,面黄
尿血,便溏
尿痛,尿中夹脓
尿中夹脓,尿热
尿中夹脓,口渴
尿中夹脓,发热
尿中夹脓,便秘
汗出,尿中夹脓
腰酸,尿中夹脓
不寐,尿中夹脓
尿中夹脓,尿黄
尿中夹脓,尿短
尿中夹脓,尿频
尿中夹脓,盗汗
阴茎痒,脘痞
阴茎痒,小便挟精
阴茎痒,大便不爽
阴茎痒,会阴痛
阴茎痒,口渴
阴茎痒,尿道浊物
阴茎痒,滑精
阴茎痒,尿黄
阴茎痒,遗精
阴茎痒,尿短
阴茎痒,胸闷
阴茎痒,阴茎痛
阴茎痒,口苦
阴茎痒,尿浑浊
脘痞,小便挟精
脘痞,会阴痛
脘痞,尿道浊物
脘痞,滑精
脘痞,遗精
脘痞,阴茎痛
小便挟精,大便不爽
小便挟精,会阴痛
小便挟精,口渴
小便挟精,尿道浊物
小便挟精,滑精
小便挟精,尿黄
小便挟精,遗精
小便挟精,尿短
小便挟精,胸闷
小便挟精,阴茎痛
小便挟精,口苦
小便挟精,尿浑浊
大便不爽,会阴痛
大便不爽,尿道浊物
大便不爽,滑精
大便不爽,遗精
大便不爽,阴茎痛
会阴痛,口渴
会阴痛,尿道浊物
会阴痛,滑精
会阴痛,尿黄
会阴痛,遗精
会阴痛,尿短
会阴痛,胸闷
会阴痛,阴茎痛
会阴痛,口苦
会阴痛,尿浑浊
口渴,尿道浊物
口渴,滑精
尿道浊物,滑精
尿道浊物,尿黄
尿道浊物,遗精
尿道浊物,尿短
尿道浊物,胸闷
尿道浊物,阴茎痛
尿道浊物,口苦
尿道浊物,尿浑浊
滑精,尿短
滑精,胸闷
滑精,阴茎痛
滑精,口苦
滑精,尿浑浊
遗精,胸闷
遗精,阴茎痛
遗精,尿浑浊
尿短,阴茎痛
胸闷,阴茎痛
阴茎痛,尿浑浊
咽干,小便挟精
咽干,尿道口红
梦遗,小便挟精
梦遗,尿热
梦遗,尿浑浊
梦遗,尿道口红
汗出,小便挟精
汗出,尿热
不寐,小便挟精
不寐,尿道口红
小便挟精,唇色红
小便挟精,尿少
小便挟精,尿热
小便挟精,头晕
小便挟精,面赤
小便挟精,发热
小便挟精,盗汗
小便挟精,尿道口红
唇色红,尿热
唇色红,尿浑浊
尿少,尿道口红
尿热,头晕
尿热,盗汗
尿热,尿道口红
头晕,尿道口红
尿浑浊,尿道口红
背痛,耳聋
背痛,小便挟精
背痛,耳鸣
背痛,视力受损
背痛,头晕
背痛,滑精
背痛,遗精
背痛,乏力
背痛,尿频
背痛,尿清
背痛,视物模糊
腰酸,小便挟精
耳聋,小便挟精
小便挟精,耳鸣
小便挟精,视力受损
小便挟精,肢冷
小便挟精,乏力
小便挟精,尿频
小便挟精,恶寒
小便挟精,肢体痛
小便挟精,尿清
小便挟精,视物模糊
小便挟精,面白
便溏,腰部沉重
尿短,面色不荣
尿短,腰部沉重
面色不荣,腰部沉重
纳差,腰部沉重
面黄,腰部沉重
腰部沉重,面白
情绪不稳,会阴坠胀
情绪不稳,阴茎痛
情绪不稳,血精
腰酸,会阴坠胀
腰酸,血精
会阴坠胀,消瘦
会阴坠胀,烦躁
会阴坠胀,口渴
会阴坠胀,乏力
会阴坠胀,发热
会阴坠胀,阴茎痛
会阴坠胀,血精
消瘦,血精
烦躁,阴茎痛
烦躁,血精
口渴,血精
乏力,阴茎痛
乏力,血精
发热,阴茎痛
发热,血精
阴茎痛,血精
会阴坠胀,会阴痛
会阴坠胀,尿黄
会阴坠胀,尿频
会阴坠胀,肢体痛
会阴坠胀,便秘
会阴坠胀,腰痛
会阴痛,尿频
会阴痛,肢体痛
会阴痛,便秘
会阴痛,腰痛
会阴痛,血精
尿黄,血精
尿频,血精
肢体痛,血精
便秘,血精
腰痛,血精
腰酸,身体弱
腰酸,精冷
腰酸,少精
发少,身体弱
发少,精冷
发少,少精
身体弱,消瘦
身体弱,齿松
身体弱,精冷
身体弱,呼吸急促
身体弱,少精
身体弱,乏力
身体弱,面色不荣
身体弱,尿频
消瘦,精冷
消瘦,少精
齿松,精冷
齿松,少精
精冷,呼吸急促
精冷,少精
精冷,乏力
精冷,面色不荣
精冷,尿频
呼吸急促,少精
少精,乏力
少精,面色不荣
少精,尿频
两股寒凉,足冷
两股寒凉,阴冷
两股寒凉,精冷
两股寒凉,手冷
两股寒凉,恶寒
两股寒凉,乏力
两股寒凉,肢体痛
两股寒凉,尿清
两股寒凉,便溏
两股寒凉,腰痛
两股寒凉,面白
足冷,阴冷
足冷,精冷
阴冷,精冷
阴冷,手冷
阴冷,腰痛
阴冷,面白
精冷,手冷
精冷,恶寒
精冷,肢体痛
精冷,尿清
精冷,便溏
精冷,腰痛
精冷,面白
情绪不稳,阳强
情绪不稳,滑精
情绪不稳,少精
情绪不稳,不射精
梦遗,阳强
梦遗,少精
梦遗,不射精
梦遗,便秘
梦遗,阴茎痛
烦躁,阳强
烦躁,滑精
烦躁,少精
烦躁,不射精
阳强,口渴
阳强,滑精
阳强,尿黄
阳强,少精
阳强,不射精
阳强,便秘
阳强,阴茎痛
口渴,少精
口渴,不射精
滑精,少精
滑精,不射精
滑精,便秘
尿黄,少精
尿黄,不射精
少精,不射精
少精,便秘
少精,阴茎痛
不射精,便秘
不射精,阴茎痛
情绪不稳,无精
无精,烦躁
无精,阴痛
无精,不射精
无精,少语
无精,胸闷
阴痛,不射精
阴痛,少语
不射精,少语
不射精,胸闷
阳痿,精少
阳痿,少精
阳痿,不育
腰酸,精少
腰酸,不育
早泄,精少
早泄,少精
早泄,不育
阴冷,精少
阴冷,少精
阴冷,尿频
阴冷,不育
精少,肢冷
精少,恶寒
精少,少精
精少,尿频
精少,尿清
精少,不育
肢冷,少精
肢冷,不育
恶寒,少精
恶寒,不育
少精,尿清
少精,不育
尿频,不育
尿清,不育
情绪不稳,不育
手足发热,少精
手足发热,不育
汗出,少精
汗出,不育
不寐,少精
不寐,不育
耳鸣,少精
耳鸣,不育
烦躁,不育
遗精,少精
遗精,不育
少精,发热
少精,盗汗
发热,不育
盗汗,不育
爪白,少精
爪白,不育
呼吸急促,不育
少精,面黄
少精,心悸
乏力,不育
面黄,不育
心悸,不育
阴臭,阴囊潮湿
阴臭,尿黄
阴臭,少精
阴臭,尿不利
阴臭,口苦
阴臭,不育
阴囊潮湿,尿黄
阴囊潮湿,少精
阴囊潮湿,尿不利
阴囊潮湿,口苦
阴囊潮湿,不育
尿黄,不育
少精,尿不利
少精,口苦
尿不利,不育
口苦,不育
盗汗,早泄
盗汗,尿清
便溏,早泄
齿松,尿黄
呼吸急促,早泄
膝软,早泄
膝软,面白
淋浊,情绪不稳
淋浊,早泄
淋浊,尿痛
淋浊,烦躁
淋浊,阴痒
淋浊,尿黄
淋浊,阴肿
淋浊,口苦
情绪不稳,阴肿
早泄,阴肿
尿痛,阴肿
烦躁,阴肿
早泄,消瘦
早泄,面色不荣
早泄,纳差
早泄,心悸
梦遗,遗精
梦遗,纳差
梦遗,面白
自汗,遗精
梦遗,腰痛
遗精,便秘
梦遗,口苦
阳强,遗精
阳强,口苦
足冷,咽痛
足冷,盗汗
腰部无力,咽痛
腰部无力,口渴
腰部无力,盗汗
腰部无力,发热
腰部无力,汗出
腰部无力,滑精
腰部无力,口鼻气冷
腰部无力,消瘦
腰部无力,面赤
耳鸣,口鼻气冷
咽痛,手冷
咽痛,滑精
咽痛,口鼻气冷
咽痛,消瘦
咽痛,膝无力
口渴,口鼻气冷
口渴,膝无力
乏力,口鼻气冷
盗汗,手冷
盗汗,口鼻气冷
盗汗,膝无力
腰酸,口鼻气冷
呼吸急促,滑精
呼吸急促,口鼻气冷
发热,口鼻气冷
发热,膝无力
汗出,口鼻气冷
汗出,膝无力
滑精,口鼻气冷
滑精,膝无力
遗精,口鼻气冷
口鼻气冷,消瘦
口鼻气冷,膝无力
口鼻气冷,恶寒
口鼻气冷,头晕
口鼻气冷,面赤
消瘦,膝无力
膝无力,面赤
情绪不稳,阴部潮湿
梦遗,阴痒
梦遗,阴部潮湿
烦躁,阴部潮湿
阴痒,滑精
阴痒,遗精
阴痒,发热
阴痒,阴部潮湿
滑精,阴部潮湿
尿黄,阴部潮湿
遗精,阴部潮湿
发热,阴部潮湿
发少,阴冷
耳鸣,阴冷
消瘦,阴冷
阴冷,齿松
阴冷,视力受损
阴冷,呼吸急促
阴冷,头晕
阴冷,视物模糊
阴冷,膝软
阳痿,脘痞
阳痿,面黄
阳痿,心悸
脘痞,自汗
多疑,阳痿
多疑,乏力
多疑,精神恍惚
阳痿,精神恍惚
阳痿,阴痛
阳痿,尿短
阳痿,阴部潮湿
阴痛,尿短
阴痛,阴部潮湿
尿短,阴部潮湿
闭经,喜食肥甘厚味
闭经,打鼾
闭经,早泄
闭经,房事淡漠
闭经,肢体沉重
闭经,意识障碍
闭经,嗜睡
阳痿,喜食肥甘厚味
阳痿,打鼾
阳痿,肥胖
阳痿,房事淡漠
阳痿,肢体沉重
阳痿,月经后期
阳痿,胸闷
喜食肥甘厚味,打鼾
喜食肥甘厚味,脘痞
喜食肥甘厚味,肥胖
喜食肥甘厚味,早泄
喜食肥甘厚味,房事淡漠
喜食肥甘厚味,肢体沉重
喜食肥甘厚味,乏力
喜食肥甘厚味,月经后期
喜食肥甘厚味,胸闷
喜食肥甘厚味,意识障碍
喜食肥甘厚味,嗜睡
打鼾,肥胖
打鼾,早泄
打鼾,房事淡漠
打鼾,肢体沉重
打鼾,月经后期
脘痞,早泄
脘痞,房事淡漠
脘痞,月经后期
肥胖,早泄
肥胖,房事淡漠
肥胖,月经后期
早泄,房事淡漠
早泄,肢体沉重
早泄,月经后期
早泄,胸闷
早泄,嗜睡
房事淡漠,肢体沉重
房事淡漠,乏力
房事淡漠,月经后期
房事淡漠,胸闷
房事淡漠,意识障碍
房事淡漠,嗜睡
肢体沉重,月经后期
乏力,月经后期
月经后期,胸闷
月经后期,意识障碍
月经后期,嗜睡
闭经,胸痛
闭经,口唇发绀
闭经,不育
阳痿,胸痛
阳痿,肢体麻木
阳痿,皮疹
阳痿,皮肤斑块
阳痿,口唇发绀
阳痿,月经夹瘀
阳痿,感觉异常
胸痛,肢体麻木
胸痛,性欲低下
胸痛,月经夹瘀
胸痛,感觉异常
胸痛,房事淡漠
胸痛,不育
肢体麻木,性欲低下
肢体麻木,口唇发绀
肢体麻木,月经夹瘀
肢体麻木,房事淡漠
肢体麻木,不育
皮疹,性欲低下
皮疹,房事淡漠
皮疹,不育
性欲低下,皮肤斑块
性欲低下,口唇发绀
性欲低下,月经夹瘀
性欲低下,感觉异常
性欲低下,房事淡漠
性欲低下,不育
皮肤斑块,房事淡漠
皮肤斑块,不育
口唇发绀,月经夹瘀
口唇发绀,房事淡漠
口唇发绀,不育
月经夹瘀,感觉异常
月经夹瘀,房事淡漠
月经夹瘀,不育
感觉异常,房事淡漠
感觉异常,不育
房事淡漠,不育
汗出,房事淡漠
早泄,腹胀
呼吸急促,房事淡漠
纳差,房事淡漠
腹胀,房事淡漠
便溏,房事淡漠
腰酸,房事淡漠
性欲低下,便溏
性欲低下,形寒
肢冷,房事淡漠
尿清,房事淡漠
形寒,房事淡漠
尿痛,阳强
尿痛,阴茎勃起
尿痛,阴茎瘀血
阳强,阴茎勃起
阳强,尿不利
阳强,纳差
阳强,阴茎瘀血
口渴,阴茎瘀血
尿黄,阴茎瘀血
阴茎勃起,尿不利
阴茎勃起,纳差
阴茎勃起,阴茎瘀血
尿不利,阴茎瘀血
便秘,阴茎瘀血
纳差,阴茎瘀血
消瘦,阳强
消瘦,阴茎勃起
汗出,筋肉跳动
肢冷,筋肉跳动
恶寒,筋肉跳动
筋肉跳动,面白
腹泻,阴冷
浮肿,腰部无力
浮肿,膝无力
腰部无力,阴冷
阴冷,膝无力
阴冷,遗精
肢冷,膝无力
腹痛,口鼻气冷
腹痛,身静
腹痛,阴缩
声低,口鼻气冷
声低,身静
声低,肢冷
声低,阴缩
声低,口唇发绀
声低,呕吐
声低,下利
口鼻气冷,身静
口鼻气冷,肢冷
口鼻气冷,阴缩
口鼻气冷,尿失禁
口鼻气冷,口唇发绀
口鼻气冷,呕吐
口鼻气冷,下利
口鼻气冷,尿清
身静,肢冷
身静,阴缩
身静,尿失禁
身静,口唇发绀
身静,呕吐
身静,乏力
身静,下利
身静,恶寒
身静,尿清
肢冷,阴缩
阴缩,尿失禁
阴缩,口唇发绀
阴缩,呕吐
阴缩,乏力
阴缩,下利
阴缩,尿清
尿失禁,口唇发绀
尿失禁,下利
头昏沉,膝胫拘急
头昏沉,阴缩
头昏沉,腹部拘急
少气,膝胫拘急
少气,肢体沉重
少气,阴缩
少气,腹部拘急
膝胫拘急,肢体沉重
膝胫拘急,视力受损
膝胫拘急,阴缩
膝胫拘急,肢冷
膝胫拘急,恶寒
膝胫拘急,乏力
膝胫拘急,腹部拘急
膝胫拘急,肢体痛
膝胫拘急,视物模糊
膝胫拘急,腰痛
肢体沉重,视力受损
肢体沉重,阴缩
肢体沉重,肢冷
肢体沉重,腹部拘急
肢体沉重,视物模糊
肢体沉重,腰痛
视力受损,阴缩
阴缩,腹部拘急
阴缩,视物模糊
阴缩,腰痛
腹部拘急,肢体痛
腹泻,精冷
腹泻,阴缩
腹泻,腿酸
阳痿,精冷
阳痿,阴缩
阳痿,腿酸
腹痛,足痛
腹痛,精冷
腹痛,腿酸
腹痛,遗精
腹痛,膝冷
足痛,精冷
足痛,阴缩
足痛,呕吐
足痛,腿酸
足痛,尿频
足痛,纳差
精冷,阴缩
精冷,肢冷
精冷,呕吐
精冷,腿酸
精冷,遗精
精冷,腰冷
精冷,纳差
精冷,膝冷
阴缩,腿酸
阴缩,遗精
阴缩,腰冷
阴缩,尿频
阴缩,纳差
阴缩,膝冷
恶寒,腿酸
呕吐,腿酸
呕吐,遗精
呕吐,腰冷
呕吐,膝冷
腿酸,遗精
腿酸,腰冷
腿酸,尿频
腿酸,纳差
腿酸,膝冷
腹痛,睾丸内缩
腹痛,鼻青
腹痛,阴茎内缩
汗出,睾丸内缩
汗出,阴缩
汗出,鼻青
汗出,阴茎内缩
汗出,面黑
汗出,阴囊缩
昏迷,睾丸内缩
昏迷,鼻青
昏迷,阴茎内缩
睾丸内缩,阴缩
睾丸内缩,鼻青
睾丸内缩,肢冷
睾丸内缩,阴茎内缩
睾丸内缩,冷汗
睾丸内缩,恶寒
睾丸内缩,面黑
睾丸内缩,阴囊缩
睾丸内缩,意识障碍
阴缩,鼻青
阴缩,阴茎内缩
阴缩,冷汗
阴缩,面黑
阴缩,阴囊缩
鼻青,肢冷
鼻青,阴茎内缩
鼻青,冷汗
鼻青,恶寒
鼻青,面黑
鼻青,阴囊缩
鼻青,意识障碍
肢冷,阴茎内缩
阴茎内缩,冷汗
阴茎内缩,恶寒
阴茎内缩,面黑
阴茎内缩,阴囊缩
阴茎内缩,意识障碍
冷汗,恶寒
冷汗,面黑
冷汗,阴囊缩
面黑,阴囊缩
肢体痛,阴茎痛
阴茎痛,腰痛
口疮,阴茎痛
腹痛,阴茎痛
腹部拘急,阴茎痛
阴茎痛,尿血
阴茎痒,腰酸
阴茎痒,肢体痛
阴茎痒,尿频
阴茎痒,尿不利
阴茎痒,腰痛
尿频,阴茎痛
站立不稳,头晕
站立不稳,颤抖
站立不稳,发热
站立不稳,心悸
站立不稳,筋肉跳动
心悸,筋肉跳动
阴囊硬,睾丸痛
阴囊硬,阴冷
阴囊硬,睾丸肿
睾丸痛,阴冷
阴冷,睾丸肿
阴痒,阴囊潮湿
阴痒,睾丸痛
阴痒,睾丸肿
阴囊潮湿,便秘
阴囊潮湿,睾丸痛
阴囊潮湿,睾丸肿
尿黄,睾丸痛
尿黄,睾丸肿
便秘,睾丸痛
便秘,睾丸肿
睾丸发热,咽痛
睾丸发热,口渴
睾丸发热,尿黄
睾丸发热,发热
睾丸发热,肢体痛
睾丸发热,睾丸痛
睾丸发热,睾丸肿
睾丸发热,阴囊浮肿
咽痛,睾丸痛
咽痛,睾丸肿
咽痛,阴囊浮肿
口渴,睾丸痛
口渴,睾丸肿
口渴,阴囊浮肿
尿黄,阴囊浮肿
发热,阴囊浮肿
肢体痛,睾丸痛
肢体痛,睾丸肿
肢体痛,阴囊浮肿
睾丸痛,阴囊浮肿
睾丸肿,阴囊浮肿
胸痛,睾丸坠胀
胸痛,睾丸痛
腹痛,睾丸坠胀
睾丸坠胀,胁痛
睾丸坠胀,胸闷
睾丸坠胀,腹胀
睾丸坠胀,口苦
睾丸坠胀,睾丸痛
胁痛,睾丸痛
胸闷,睾丸痛
腹胀,睾丸痛
口苦,睾丸痛
阴干,喜浴热水
阴痒,喜浴热水
情绪不稳,阴囊皮肤粗糙
情绪不稳,阴囊皮肤变厚
情绪不稳,搔破
阴囊皮肤粗糙,阴囊皮肤变厚
阴囊皮肤粗糙,出血
阴囊皮肤粗糙,烦躁
阴囊皮肤粗糙,阴痒
阴囊皮肤粗糙,口渴
阴囊皮肤粗糙,坐卧不安
阴囊皮肤粗糙,皮肤瘙痒
阴囊皮肤粗糙,搔破
阴囊皮肤变厚,出血
阴囊皮肤变厚,烦躁
阴囊皮肤变厚,阴痒
阴囊皮肤变厚,口渴
阴囊皮肤变厚,坐卧不安
阴囊皮肤变厚,皮肤瘙痒
阴囊皮肤变厚,搔破
出血,阴痒
出血,坐卧不安
出血,皮肤瘙痒
出血,搔破
烦躁,搔破
阴痒,坐卧不安
阴痒,搔破
口渴,搔破
坐卧不安,皮肤瘙痒
坐卧不安,搔破
皮肤瘙痒,搔破
腰酸,阴囊潮湿
腰酸,下肢沉重
腰酸,下肢肿胀
腹胀,阴囊潮湿
腹胀,下肢沉重
腹胀,下肢肿胀
阴痒,下肢沉重
阴痒,下肢肿胀
阴囊潮湿,下肢沉重
阴囊潮湿,下肢肿胀
阴囊潮湿,皮肤瘙痒
下肢沉重,下肢肿胀
下肢沉重,尿不利
下肢沉重,皮肤瘙痒
下肢肿胀,尿不利
下肢肿胀,皮肤瘙痒
尿不利,皮肤瘙痒
肌肉酸楚,喜暖
肌肉酸楚,阴冷
肌肉酸楚,关节痛
肌肉酸楚,无汗
肌肉酸楚,阴囊潮湿
肌肉酸楚,恶寒
肌肉酸楚,乏力
肌肉酸楚,肢体痛
肌肉酸楚,关节酸楚
肌肉酸楚,关节不利
喜暖,阴冷
喜暖,关节痛
喜暖,无汗
喜暖,阴囊潮湿
喜暖,关节酸楚
喜暖,关节不利
阴冷,无汗
阴冷,阴囊潮湿
阴冷,关节酸楚
阴冷,关节不利
关节痛,阴囊潮湿
无汗,阴囊潮湿
无汗,关节酸楚
无汗,关节不利
阴囊潮湿,恶寒
阴囊潮湿,乏力
阴囊潮湿,肢体痛
阴囊潮湿,关节酸楚
阴囊潮湿,关节不利
恶寒,关节酸楚
乏力,关节酸楚
阴冷,皮肤瘙痒
浮肿,下利
下利,嗜睡
咽干,咳呛
咽干,上肢无力
咽干,瘫痪
咽干,足不能立
善食,咳呛
善食,上肢无力
善食,瘫痪
善食,烦躁
善食,情绪不稳
善食,足不能立
善食,皮肤干燥
善食,下肢无力
善食,胃脘嘈杂
善食,面赤
口渴,咳呛
口渴,上肢无力
口渴,瘫痪
口渴,足不能立
唇燥,咳呛
唇燥,上肢无力
唇燥,瘫痪
唇燥,足不能立
唇燥,下肢无力
咳呛,上肢无力
咳呛,瘫痪
咳呛,烦躁
咳呛,发热
咳呛,情绪不稳
咳呛,易饥
咳呛,咳嗽
咳呛,咳痰
咳呛,足不能立
咳呛,皮肤干燥
咳呛,消瘦
咳呛,下肢无力
咳呛,胃脘嘈杂
咳呛,面赤
上肢无力,瘫痪
上肢无力,烦躁
上肢无力,发热
上肢无力,情绪不稳
上肢无力,易饥
上肢无力,咳嗽
上肢无力,咳痰
上肢无力,足不能立
上肢无力,皮肤干燥
上肢无力,下肢无力
上肢无力,胃脘嘈杂
上肢无力,面赤
瘫痪,易饥
瘫痪,足不能立
瘫痪,皮肤干燥
瘫痪,胃脘嘈杂
烦躁,足不能立
情绪不稳,足不能立
易饥,咳嗽
易饥,咳痰
易饥,足不能立
易饥,皮肤干燥
易饥,下肢无力
咳嗽,足不能立
咳嗽,胃脘嘈杂
咳痰,足不能立
咳痰,皮肤干燥
咳痰,胃脘嘈杂
足不能立,皮肤干燥
足不能立,下肢无力
足不能立,胃脘嘈杂
足不能立,面赤
下肢无力,胃脘嘈杂
胃脘嘈杂,面赤
阴冷,腹胀
阴囊潮湿,纳差
阳痿,阴囊潮湿
腰酸,阴缩
阴冷,阴缩
阴痒,肢冷
阴痒,阴缩
阴痒,恶寒
阴痒,尿清
肢冷,阴囊潮湿
阴缩,阴囊潮湿
阴缩,便溏
阴囊潮湿,尿清
阴囊潮湿,便溏
腹痛,爪甲枯
腹痛,爪甲薄
不寐,经色浅淡
月经色淡,爪甲枯
月经色淡,爪甲薄
月经色淡,经色浅淡
视力受损,经色浅淡
头晕,经色浅淡
爪甲枯,月经不调
爪甲枯,月经过少
爪甲枯,经色浅淡
月经不调,爪甲薄
月经不调,经色浅淡
面色不荣,经色浅淡
月经过少,爪甲薄
月经过少,经色浅淡
爪甲薄,经色浅淡
心悸,经色浅淡
视物模糊,经色浅淡
月经先期,月经色淡
月经先期,腹下坠
月经先期,漏下淋漓
汗出,腹下坠
汗出,漏下淋漓
自汗,腹下坠
自汗,漏下淋漓
月经过多,腹下坠
月经过多,漏下淋漓
月经色淡,腹下坠
月经色淡,漏下淋漓
呼吸急促,腹下坠
呼吸急促,漏下淋漓
恶寒,漏下淋漓
乏力,腹下坠
腹下坠,漏下淋漓
腹下坠,经色浅淡
腹下坠,面白
漏下淋漓,经色浅淡
腰酸,经色浅淡
足冷,经色浅淡
月经色暗,口唇发绀
月经色暗,经色浅淡
月经错后,口唇发绀
月经错后,经色浅淡
白带清稀,口唇发绀
白带清稀,经色浅淡
手冷,经色浅淡
口唇发绀,经色浅淡
尿频,经色浅淡
口淡,月经不调
口淡,月经稠
口淡,口流清涎
口淡,经色浅淡
口粘,月经色淡
口粘,月经不调
口粘,月经稠
口粘,口流清涎
口粘,经色浅淡
面黄,白带稠
面黄,月经稠
面黄,经色浅淡
胸闷,月经色淡
胸闷,经色浅淡
白带稠,月经色淡
白带稠,头晕
白带稠,呕吐
白带稠,月经不调
白带稠,口流清涎
白带稠,经色浅淡
月经色淡,呕吐
月经色淡,月经稠
月经色淡,口流清涎
呕吐,月经稠
呕吐,经色浅淡
月经不调,月经稠
月经不调,口流清涎
月经稠,口流清涎
月经稠,经色浅淡
口流清涎,经色浅淡
情绪不稳,白带稠
情绪不稳,经色紫黯
腹痛,经色紫黯
皮疹,腹部拒按
皮疹,经色紫黯
白带稠,烦躁
白带稠,经色紫黯
月经色暗,腹部拒按
月经色暗,经色紫黯
烦躁,经色紫黯
口渴,经色紫黯
皮肤斑块,腹部拒按
皮肤斑块,经色紫黯
腹部拒按,经色紫黯
腹部拒按,白带色黄
经色紫黯,发热
经色紫黯,白带色黄
腹痛,胸胀
月经色暗,胸胀
月经色暗,抑郁
胸胀,抑郁
胸胀,乳房胀
胸胀,面色不荣
胸胀,经色紫黯
抑郁,面色不荣
抑郁,面暗
抑郁,经色紫黯
乳房胀,面色不荣
乳房胀,面暗
乳房胀,经色紫黯
面色不荣,面暗
面色不荣,经色紫黯
面暗,经色紫黯
月经色暗,下肢痛
月经色暗,四肢痛
下肢痛,经色紫黯
经色紫黯,肢体痛
经色紫黯,四肢痛
经色紫黯,腰痛
月经清稀,经色紫黯
月经色暗,视力受损
月经色暗,视物模糊
视力受损,经色紫黯
头晕,经色紫黯
经色紫黯,心悸
经色紫黯,视物模糊
经色紫黯,面白
咽干,腰部无力
咽干,感觉异常
咽干,拘挛
咽干,皮肤麻木
咽干,筋肉跳动
腰部无力,上肢无力
腰部无力,瘫痪
腰部无力,感觉异常
腰部无力,拘挛
腰部无力,早泄
腰部无力,皮肤麻木
腰部无力,尿少
腰部无力,筋肉跳动
耳鸣,上肢无力
耳鸣,拘挛
耳鸣,筋肉跳动
盗汗,上肢无力
盗汗,瘫痪
盗汗,拘挛
盗汗,皮肤麻木
盗汗,筋肉跳动
上肢无力,腰酸
上肢无力,便秘
上肢无力,拘挛
上肢无力,早泄
上肢无力,遗精
上肢无力,皮肤麻木
上肢无力,目眩
上肢无力,尿少
上肢无力,筋肉跳动
腰酸,拘挛
腰酸,皮肤麻木
腰酸,筋肉跳动
瘫痪,便秘
瘫痪,拘挛
瘫痪,早泄
瘫痪,遗精
瘫痪,尿少
瘫痪,筋肉跳动
便秘,感觉异常
便秘,拘挛
便秘,皮肤麻木
便秘,筋肉跳动
感觉异常,拘挛
感觉异常,早泄
汗出,皮肤麻木
拘挛,早泄
拘挛,遗精
拘挛,皮肤麻木
拘挛,目眩
拘挛,尿少
拘挛,下肢无力
拘挛,面赤
拘挛,筋肉跳动
早泄,皮肤麻木
早泄,下肢无力
早泄,面赤
早泄,筋肉跳动
遗精,皮肤麻木
遗精,尿少
遗精,筋肉跳动
皮肤麻木,尿少
皮肤麻木,面赤
皮肤麻木,筋肉跳动
尿少,筋肉跳动
面赤,筋肉跳动
情绪不稳,经血粘稠
情绪不稳,崩漏
月经先期,胸痛
月经先期,目赤
月经先期,经血粘稠
月经先期,胁痛
月经先期,崩漏
胸痛,经血粘稠
胸痛,崩漏
胸痛,月经过多
呕血,经血粘稠
呕血,月经色红
呕血,崩漏
呕血,月经过多
目赤,经血粘稠
目赤,月经色红
目赤,崩漏
不寐,经血粘稠
经血粘稠,胁痛
经血粘稠,烦躁
经血粘稠,月经色红
经血粘稠,口渴
经血粘稠,面赤
经血粘稠,发热
经血粘稠,崩漏
经血粘稠,口苦
经血粘稠,月经过多
胁痛,崩漏
烦躁,崩漏
月经色红,崩漏
口渴,崩漏
面赤,崩漏
发热,崩漏
崩漏,口苦
头昏沉,月经先期
头昏沉,经血粘稠
头昏沉,阴痒
头昏沉,白带量多
头昏沉,面垢
头昏沉,月经过多
月经先期,头胀
脘痞,经血粘稠
经血粘稠,阴痒
经血粘稠,白带量多
经血粘稠,面垢
经血粘稠,头胀
经血粘稠,面黄
经血粘稠,便溏
阴痒,头胀
阴痒,面黄
白带量多,头胀
白带量多,面黄
面垢,头胀
面垢,面黄
头胀,面黄
头胀,月经过多
恶心,经血粘稠
口淡,经血粘稠
经血粘稠,咳嗽
经血粘稠,白带稠
经血粘稠,咳痰
经血粘稠,头晕
经血粘稠,月经不调
经血粘稠,月经过少
咳嗽,月经不调
白带稠,月经过少
咳痰,月经不调
腹痛,经血粘稠
月经色淡,月经错后
月经错后,心悸
月经清稀,腹下坠
腹下坠,少言
月经过少,白带量多
月经清稀,月经后期
月经清稀,胸闷
白带量多,月经后期
耳鸣,月经错后
月经错后,月经色红
月经错后,面赤
月经色红,月经过少
月经色红,心悸
月经淡,腹痛
月经淡,喜暖
月经淡,足冷
月经淡,月经清稀
月经淡,下肢痛
月经淡,手冷
月经淡,肢冷
月经淡,四肢痛
月经淡,口唇发绀
月经淡,白带量多
月经淡,月经不调
月经淡,尿频
月经淡,肢体痛
月经淡,便溏
月经淡,腰痛
月经淡,面白
喜暖,下肢痛
喜暖,四肢痛
喜暖,口唇发绀
足冷,月经不调
月经清稀,下肢痛
月经清稀,肢冷
月经清稀,四肢痛
月经清稀,口唇发绀
月经清稀,月经不调
月经清稀,腰痛
下肢痛,口唇发绀
下肢痛,白带量多
下肢痛,月经不调
下肢痛,便溏
手冷,月经不调
四肢痛,口唇发绀
四肢痛,白带量多
四肢痛,月经不调
口唇发绀,白带量多
口唇发绀,肢体痛
口唇发绀,腰痛
月经不调,尿频
胸胁胀,经行有块
胸胁胀,面暗
经行有块,肌肤甲错
经行有块,乳房胀
经行有块,月经不调
经行有块,面暗
经行有块,纳差
肌肤甲错,抑郁
肌肤甲错,乳房胀
肌肤甲错,月经过少
抑郁,月经过少
口粘,瘫痪
口粘,肢热
口粘,肢软
面黄,瘫痪
面黄,肢热
面黄,尿热
瘫痪,尿痛
瘫痪,肢热
瘫痪,尿热
瘫痪,尿黄
尿痛,肢热
尿痛,肢软
肢热,尿热
肢热,口渴
肢热,下肢无力
肢热,尿黄
肢热,乏力
肢热,发热
肢热,肢软
肢热,口苦
尿热,下肢无力
尿热,肢软
下肢无力,口苦
肢软,口苦
腹冷,月经清稀
腹冷,经行有块
腹冷,腹部喜按
腹冷,月经色淡
腹冷,月经不调
腹冷,月经过多
腹冷,面白
月经清稀,经行有块
月经清稀,腹部喜按
月经清稀,腹部喜温
经行有块,腹部喜按
经行有块,月经色淡
经行有块,白带清稀
经行有块,肢冷
经行有块,恶寒
经行有块,腹部喜温
经行有块,面白
腹部喜按,月经色淡
腹部喜按,白带清稀
腹部喜按,肢冷
腹部喜按,恶寒
腹部喜按,月经不调
腹部喜按,腹部喜温
腹部喜按,月经过少
腹部喜按,月经过多
月经色淡,腹部喜温
白带清稀,月经不调
白带清稀,腹部喜温
肢冷,月经过多
月经不调,腹部喜温
腹部喜温,月经过少
腹部喜温,月经过多
腹痛,崩漏
汗出,经行有块
少气,经行有块
少气,月经不调
少气,崩漏
自汗,经行有块
腹胀,经行有块
经行有块,崩漏
经行有块,少言
唇干,经行有块
唇干,月经色红
唇干,手部灼热
唇干,盗汗
汗出,手部灼热
经行有块,面赤
经行有块,发热
经行有块,手部灼热
经行有块,盗汗
月经色红,手部灼热
面赤,手部灼热
手部灼热,月经过少
手部灼热,盗汗
手部灼热,月经过多
月经先期,怕热
唇色红,怕热
面赤,怕热
尿黄,怕热
月经先期,手足发热
月经先期,月经过少
月经先期,抑郁
月经先期,乳房痛
咽干,月经色暗
胸痛,月经色暗
月经先期,嗜卧
嗜卧,月经过少
月经先期,尿频
腹部拒按,月经先期
月经错后,月经后期
月经后期,心悸
瘫痪,皮肤瘙痒
面浮肿,皮肤瘙痒
足肿,皮肤瘙痒
皮肤瘙痒,关节不利
月经色暗,腹部喜按
腹部喜按,面暗
腹部喜按,月经后期
恶寒,月经后期
情绪不稳,月经错后
咽干,月经错后
汗出,月经色暗
汗出,月经错后
耳鸣,月经色暗
月经色暗,盗汗
烦躁,月经错后
月经错后,口渴
月经错后,发热
月经错后,盗汗
面青,月经色暗
面青,月经夹瘀
面青,月经后期
腹部拒按,月经夹瘀
腹部拒按,月经后期
月经夹瘀,面暗
胸胁胀,月经夹瘀
胸胁胀,月经后期
月经错后,乳房胀
月经错后,月经夹瘀
乳房胀,月经夹瘀
乳房胀,月经后期
咳嗽,月经后期
咳痰,月经后期
呼吸急促,月经后期
纳差,月经后期
月经先期,肢体痛
月经先期,腰痛
乳房痛,腰痛
乳房胀,腰痛
腹痛,健忘
腹痛,指甲色淡
汗出,指甲色淡
不寐,指甲色淡
耳鸣,唇色淡
耳鸣,指甲色淡
视力受损,唇色淡
视力受损,月经后期
视力受损,指甲色淡
健忘,唇色淡
健忘,皮肤干燥
健忘,月经后期
健忘,指甲色淡
视物模糊,唇色淡
视物模糊,月经后期
视物模糊,指甲色淡
头晕,唇色淡
头晕,指甲色淡
面赤,唇色淡
面赤,指甲色淡
唇色淡,发热
唇色淡,皮肤干燥
唇色淡,月经后期
唇色淡,月经过少
唇色淡,盗汗
发热,指甲色淡
皮肤干燥,月经后期
皮肤干燥,指甲色淡
月经后期,指甲色淡
月经过少,指甲色淡
盗汗,指甲色淡
心悸,指甲色淡
口淡,声低
口淡,月经清稀
口淡,白带清稀
口淡,腰肿
口淡,月经后期
浮肿,白带清稀
浮肿,月经后期
汗出,白带清稀
声低,月经清稀
声低,月经色淡
声低,白带清稀
声低,腰肿
声低,月经后期
自汗,白带清稀
自汗,腰肿
自汗,月经后期
月经清稀,腰肿
月经色淡,白带量多
月经色淡,腰肿
月经色淡,月经后期
白带清稀,腰肿
白带清稀,面黄
呼吸急促,腰肿
白带量多,腰肿
腰肿,月经后期
腰肿,月经过少
腰肿,面黄
腰肿,便溏
腰肿,纳差
月经后期,面黄
皮疹,乳房胀
皮疹,月经后期
肌肤甲错,月经色暗
肌肤甲错,腹部拒按
肌肤甲错,月经后期
皮肤斑块,乳房胀
皮肤斑块,月经后期
腹部拒按,乳房胀
腹部拒按,月经过少
声低,瘫痪
声低,下肢无力
少气,瘫痪
瘫痪,面色不荣
瘫痪,纳差
瘫痪,便溏
瘫痪,少言
性欲低下,耳鸣
性欲低下,头晕
性欲低下,面色不荣
性欲低下,尿频
尿频,月经过少
足冷,月经后期
足冷,月经过少
手冷,月经后期
手冷,月经过少
头昏沉,口淡
头昏沉,月经过少
头昏沉,白带稠
头昏沉,月经错后
恶心,月经错后
口淡,月经错后
口粘,月经过少
肥胖,白带稠
肥胖,月经错后
白带稠,月经错后
月经错后,白带量多
月经错后,胸闷
肢软,月经过多
腰冷,少言
腰冷,月经过多
少言,膝冷
形寒,月经过多
形寒,膝冷
月经过多,膝冷
情绪不稳,月经淋漓不净
咽干,月经淋漓不净
咽干,月经过多
烦躁,月经淋漓不净
口渴,月经淋漓不净
面赤,月经淋漓不净
月经淋漓不净,月经过少
腹痛,漏下淋漓
白带量多,漏下淋漓
发热,漏下淋漓
月经过少,漏下淋漓
月经过少,腰痛
漏下淋漓,腰痛
月经后期,月经过多
月经后期,月经淋漓不净
闭经,足冷
闭经,手冷
闭经,面部斑块
闭经,背痛
月经过少,面部斑块
月经过少,背痛
足冷,面部斑块
肢体痛,面部斑块
手冷,面部斑块
面部斑块,面暗
面部斑块,月经后期
面部斑块,背痛
面暗,背痛
月经后期,背痛
阳痿,瘫痪
发少,足肿
遗精,足肿
闭经,性急
性急,腹部拒按
性急,月经不调
胁痛,腹部拒按
闭经,唾血
闭经,盗汗
闭经,咳血
汗出,唾血
面赤,唾血
发热,唾血
唾血,月经过少
唾血,盗汗
唾血,咳血
闭经,乳头溢乳
闭经,尿黄
情绪不稳,乳头溢乳
咽干,乳头溢乳
烦躁,乳头溢乳
抑郁,乳头溢乳
抑郁,尿黄
乳头溢乳,乳房痛
乳头溢乳,乳房胀
乳头溢乳,尿黄
乳头溢乳,胸闷
乳头溢乳,口苦
乳头溢乳,呼吸急促
乳头溢乳,乏力
乳头溢乳,面色不荣
乳头溢乳,纳差
不喜饮,月经色红
不喜饮,月经不调
不喜饮,崩漏
腰酸,崩漏
耳鸣,崩漏
月经色红,月经不调
头晕,崩漏
肥胖,面部斑块
肥胖,肢体痛
肥胖,崩漏
肥胖,腰痛
形寒,面部斑块
形寒,崩漏
肢冷,面部斑块
肢冷,崩漏
面部斑块,月经不调
面部斑块,崩漏
面部斑块,腰痛
肢体痛,崩漏
崩漏,腰痛
月经清稀,大便不调
月经色淡,大便不调
大便不调,月经不调
大便不调,崩漏
崩漏,月经色暗
尿黄,崩漏
便秘,崩漏
胸痛,大便失禁
胸痛,瘫痪
胸痛,尿失禁
胸痛,足肿
胸痛,皮肤干燥
胸痛,腰痛
胸痛,皮肤痛
大便失禁,瘫痪
大便失禁,肢体痛
大便失禁,足肿
大便失禁,感觉异常
大便失禁,皮肤干燥
大便失禁,腰痛
大便失禁,皮肤痛
足冷,肌肤甲错
足冷,皮肤痛
瘫痪,肌肤甲错
瘫痪,腰痛
瘫痪,皮肤痛
皮疹,足肿
消瘦,皮肤痛
肌肤甲错,手冷
肌肤甲错,足肿
肌肤甲错,感觉异常
肌肤甲错,腰痛
肌肤甲错,皮肤痛
手冷,皮肤痛
皮肤斑块,足肿
尿失禁,足肿
尿失禁,感觉异常
尿失禁,皮肤干燥
尿失禁,皮肤痛
足肿,皮肤干燥
足肿,皮肤痛
感觉异常,皮肤痛
皮肤干燥,腰痛
皮肤干燥,皮肤痛
腰痛,皮肤痛
肢肿,月经不调
肢肿,崩漏
面暗,崩漏
目眩,崩漏
尿少,月经不调
尿少,崩漏
肢软,月经不调
肢软,崩漏
胁胀,月经色暗
胁胀,月经夹瘀
胁胀,崩漏
抑郁,月经夹瘀
抑郁,崩漏
月经不调,月经夹瘀
月经夹瘀,崩漏
咽干,经间期出血
阴道出血,经间期出血
不寐,经间期出血
口渴,经间期出血
面赤,经间期出血
发热,经间期出血
经间期出血,便秘
情绪不稳,经间期出血
阴道出血,口苦
腹痛,经间期出血
胸胁胀,经间期出血
烦躁,经间期出血
经间期出血,口苦
瘫痪,胁胀
瘫痪,哭
瘫痪,胁痛
瘫痪,嗳气
瘫痪,多愁善感
瘫痪,喜悲
瘫痪,皮肤润泽
胁胀,多愁善感
胁胀,皮肤润泽
哭,嗳气
哭,多愁善感
哭,皮肤润泽
胁痛,多愁善感
胁痛,皮肤润泽
嗳气,多愁善感
嗳气,喜悲
嗳气,皮肤润泽
多愁善感,喜悲
多愁善感,纳差
多愁善感,口苦
多愁善感,皮肤润泽
喜悲,纳差
喜悲,皮肤润泽
纳差,皮肤润泽
口苦,皮肤润泽
腰酸,经间期出血
白带量多,经间期出血
纳差,经间期出血
经间期出血,胸闷
咽干,月经骤止
咽干,经来骤止
月经骤止,恶寒
月经骤止,发热
月经骤止,腹胀
月经骤止,经来骤止
月经骤止,口苦
月经骤止,胸胁满
恶寒,经来骤止
发热,经来骤止
腹胀,经来骤止
经来骤止,口苦
经来骤止,胸胁满
足冷,月经骤止
足冷,经来骤止
腹痛,月经骤止
腹痛,经来骤止
月经骤止,手冷
手冷,经来骤止
月经骤止,肢体痛
月经骤止,腰痛
肢体痛,经来骤止
经来骤止,腰痛
经来骤止,胁痛
胁痛,月经骤止
面部起碎疙瘩,月经先期
面部起碎疙瘩,口粘
面部起碎疙瘩,脘痞
面部起碎疙瘩,皮疹
面部起碎疙瘩,口渴
面部起碎疙瘩,纳差
面部起碎疙瘩,白带色黄
月经先期,口粘
脘痞,皮疹
皮疹,乳房痛
皮疹,经行不畅
皮疹,无痰
无痰,面赤
月经过少,胁胀
胁胀,月经后期
抑郁,月经后期
瘫痪,自汗
瘫痪,呼吸急促
瘫痪,心悸
肢体麻木,肢软
自汗,半身不遂
半身不遂,呼吸急促
半身不遂,肢软
半身不遂,心悸
情绪不稳,带下臭秽
月经先期,乳房膨大
月经先期,欲饮
腹痛,乳房膨大
腹痛,带下臭秽
乳房膨大,欲饮
乳房膨大,乳房痛
乳房膨大,口渴
乳房膨大,乳房胀
乳房膨大,带下臭秽
乳房膨大,白带色黄
烦躁,带下臭秽
欲饮,乳房痛
欲饮,乳房胀
欲饮,带下臭秽
欲饮,白带色黄
乳房痛,带下臭秽
乳房痛,白带色黄
口渴,带下臭秽
乳房胀,带下臭秽
乳房胀,白带色黄
月经过少,面黑
性欲低下,月经错后
性欲低下,乳房痛
性欲低下,乳房胀
性欲低下,胸闷
性欲低下,面黑
月经错后,乳房痛
月经错后,面黑
乳房痛,月经后期
乳房痛,面黑
乳房胀,面黑
月经后期,面黑
恶心,月经色淡
恶心,乳房痛
恶心,月经过多
月经色淡,足肿
月经色淡,乳房痛
月经色淡,乳房胀
足肿,乳房痛
足肿,乳房胀
足肿,月经过多
月经先期,视力受损
月经先期,视物模糊
胸痛,视力受损
胸痛,视物模糊
乳房痛,头痛
肢肿,不寐
月经先期,胁胀
月经色淡,头痛
月经色淡,发热
月经色淡,鼻塞
肢体麻木,消瘦
肢体麻木,面色不荣
半身不遂,面色不荣
月经先期,咽痛
月经先期,流鼻涕
咽痛,月经过多
流鼻涕,月经过多
腹痛,腰部僵直
不喜饮,腰部僵直
不喜饮,月经过少
不寐,腰部僵直
腰部僵直,口渴
腰部僵直,腹部拒按
腰部僵直,月经过少
腰部僵直,面黑
腹部拒按,面黑
不寐,面浮肿
视力受损,面浮肿
面浮肿,视物模糊
头痛,经行不畅
月经先期,目胀
咽干,喜静
不寐,畏光
视力受损,喜静
口渴,喜静
头晕,喜静
畏光,月经过少
畏光,喜静
头痛,喜静
纳差,喜静
月经过少,喜静
面黄,喜静
视物模糊,喜静
头昏沉,月经色淡
头昏沉,经血夹有粘液
恶心,经血夹有粘液
浮肿,经血夹有粘液
浮肿,胸胁满
肥胖,月经色淡
肥胖,头痛
肥胖,经血夹有粘液
肥胖,胸胁满
咳嗽,月经色淡
咳嗽,经血夹有粘液
咳痰,月经色淡
咳痰,经血夹有粘液
月经色淡,经血夹有粘液
月经色淡,胸胁满
头痛,经血夹有粘液
便溏,经血夹有粘液
便溏,胸胁满
经血夹有粘液,胸胁满
面色不荣,月经后期
面色不荣,眩晕
月经后期,眩晕
月经过少,眩晕
面黄,眩晕
咽干,眩晕
口渴,眩晕
白带量多,眩晕
